0.1 0.0
0.125 0.0
0.15 0.0
0.175 0.0
0.2 0.0
0.225 0.0
0.25 0.0
0.275 0.0
0.3 0.0
0.325 0.0
0.35 0.0
0.375 0.0
0.4 0.0
0.425 0.0
0.45 0.0
0.475 0.009765625
0.5 0.01708984375
0.525 0.0225830078125
0.55 0.0267028808594
0.575 0.0493240356445
0.6 0.0662899017334
0.625 0.0790143013
0.65 0.088557600975
0.675 0.125011950731
0.7 0.152352713048
0.725 0.172858284786
0.75 0.18823746359
0.775 0.258365597692
0.8 0.310961698269
0.825 0.350408773702
0.85 0.379994080276
0.875 0.441245560207
0.9 0.565309170156
0.925 0.658356877617
0.95 0.728142658212
0.975 0.731653868659
1.0 0.939365401495
1.025 1.09514905112
1.05 1.21198678834
1.075 1.22149009126
1.1 1.44346131844
1.125 1.62947098883
1.15 1.76897824162
1.175 1.84431180622
1.2 1.93010885466
1.225 2.150706641
1.25 2.31615498075
1.275 2.44024123556
1.3 2.42588405167
1.325 2.67878803875
1.35 2.86846602906
1.375 3.0107245218
1.4 3.00999651635
1.425 3.16570051226
1.45 3.3899003842
1.475 3.55805028815
1.5 3.56697521611
1.525 3.60296578708
1.55 3.85456809031
1.575 4.06280106773
1.6 4.1213195508
1.625 4.1261459131
1.65 4.32507818483
1.675 4.51333988862
1.7 4.63500491646
1.725 4.65789431235
1.75 4.74342073426
1.775 4.9442843007
1.8 5.14376010052
1.825 5.19571070039
1.85 5.23467365029
1.875 5.47873961272
1.9 5.71061720954
1.925 5.75757228216
1.95 5.80255421162
1.975 5.97300940871
2.0 6.16921018153
2.025 6.26753263615
2.05 6.30221197711
2.075 6.36728398283
2.1 6.55280673713
2.125 6.72124567784
2.15 6.77921550838
2.175 6.83245850629
2.2 7.00910950472
2.225 7.18066025354
2.25 7.27026081515
2.275 7.34722686136
2.3 7.46354514602
2.325 7.60937760952
2.35 7.72851758214
2.375 7.8178725616
2.4 7.8946544212
2.425 8.0694283159
2.45 8.19074311193
2.475 8.24266670894
2.5 8.28160940671
2.525 8.39870705503
2.55 8.50606154127
2.575 8.52798365596
2.6 8.54442524197
2.625 8.56652205647
2.65 8.64168841736
2.675 8.69806318802
2.7 8.74034426601
2.725 8.77205507451
2.75 8.82513505588
2.775 8.88447629191
2.8 8.92898221893
2.825 8.9721272892
2.85 9.0240173419
2.875 9.09223175643
2.9 9.14339256732
2.925 9.18176317549
2.95 9.21054113162
2.975 9.26142147371
3.0 9.29958173028
3.025 9.32820192271
3.05 9.34966706704
3.075 9.36576592528
3.1 9.37784006896
3.125 9.38689567672
3.15 9.39368738254
3.175 9.3987811619
3.2 9.40260149643
3.225 9.40546674732
3.25 9.40761568549
3.275 9.40922738912
3.3 9.41043616684
3.325 9.41134275013
3.35 9.4120226876
3.375 9.4125326407
3.4 9.41291510552
3.425 9.40343632914
3.45 9.40609287186
3.475 9.40808527889
3.5 9.40957958417
3.525 9.41070031313
3.55 9.41154085985
3.575 9.41217126988
3.6 9.41264407741
3.625 9.41299868306
3.65 9.41326463729
3.675 9.41346410297
3.7 9.41361370223
3.725 9.41372590167
3.75 9.41381005125
3.775 9.41387316344
3.8 9.41392049758
3.825 9.41395599819
3.85 9.40421699864
3.875 9.40667837398
3.9 9.40852440548
3.925 9.40990892911
3.95 9.41094732183
3.975 9.41172611638
4.0 9.41231021228
4.025 9.41274828421
4.05 9.41307683816
4.075 9.41332325362
4.1 9.41350806521
4.125 9.41364667391
4.15 9.41375063043
4.175 9.41382859782
4.2 9.41388707337
4.225 9.41393093003
4.25 9.41396382252
4.275 9.40422286689
4.3 9.40668277517
4.325 9.40852770638
4.35 9.40991140478
4.375 9.41094917859
4.4 9.41172750894
4.425 9.4123112567
4.45 9.41274906753
4.475 9.41307742565
4.5 9.41332369423
4.525 9.41350839568
4.55 9.41364692176
4.575 9.41375081632
4.6 9.41382873724
4.625 9.41388717793
4.65 9.41393100845
4.675 9.41396388133
4.7 9.404222911
4.725 9.40668280825
4.75 9.40852773119
4.775 9.40991142339
4.8 9.41094919254
4.825 9.41172751941
4.85 9.41231126456
4.875 9.41274907342
4.9 9.41307743006
4.925 9.39379244755
4.95 9.32073496066
4.975 9.1975824705
5.0 9.04662435287
5.025 8.93340576465
5.05 8.84849182349
5.075 8.78480636762
5.1 8.73704227571
5.125 8.68168795678
5.15 8.70853159259
5.175 8.79702369444
5.2 8.92198652083
5.225 9.01570864062
5.25 9.07623460547
5.275 9.1216290791
5.3 9.16544055933
5.325 9.22759604449
5.35 9.26444703337
5.375 9.29208527503
5.4 9.31281395627
5.425 9.3283604672
5.45 9.3497859754
5.475 9.36585510655
5.5 9.37790695491
5.525 9.38694584119
5.55 9.39372500589
5.575 9.39880937942
5.6 9.40262265956
5.625 9.40548261967
5.65 9.40762758975
5.675 9.40923631732
5.7 9.40067723799
5.725 9.40402355349
5.75 9.40653329012
5.775 9.40841559259
5.8 9.40982731944
5.825 9.41088611458
5.85 9.41168021094
5.875 9.4122757832
5.9 9.4127224624
5.925 9.4130574718
5.95 9.41330872885
5.975 9.41349717164
6.0 9.41363850373
6.025 9.4137445028
6.05 9.4138240021
6.075 9.41388362657
6.1 9.41392834493
6.125 9.4041962587
6.15 9.40666281902
6.175 9.40851273927
6.2 9.40990017945
6.225 9.41094075959
6.25 9.41172119469
6.275 9.41230652102
6.3 9.41274551576
6.325 9.41307476182
6.35 9.41332169637
6.375 9.41350689728
6.4 9.41364579796
6.425 9.41374997347
6.45 9.4138281051
6.475 9.41388670383
6.5 9.41393065287
6.525 9.41396361465
6.55 9.40422271099
6.575 9.40668265824
6.6 9.40852761868
6.625 9.40991133901
6.65 9.41094912926
6.675 9.41172747194
6.7 9.41231122896
6.725 9.41274904672
6.75 9.41307741004
6.775 9.41332368253
6.8 9.4135083869
6.825 9.41364691517
6.85 9.41375081138
6.875 9.41382873353
6.9 9.41388717515
6.925 9.41393100636
6.95 9.41396387977
6.975 9.40422290983
7.0 9.40668280737
7.025 9.40852773053
7.05 9.4099114229
7.075 9.41094919217
7.1 9.41172751913
7.125 9.41231126435
7.15 9.41274907326
7.175 9.41307742995
7.2 9.41332369746
7.225 9.41350839809
7.25 9.41364692357
7.275 9.41375081768
7.3 9.41382873826
7.325 9.41388717869
7.35 9.41393100902
7.375 9.41396388177
7.4 9.40422291132
7.425 9.40668280849
7.45 9.40852773137
7.475 9.40991142353
7.5 9.41094919265
7.525 9.41172751948
7.55 9.41231126461
7.575 9.41274907346
7.6 9.41307743009
7.625 9.41332369757
7.65 9.41350839818
7.675 9.41364692363
7.7 9.41375081773
7.725 9.41382873829
7.75 9.41388717872
7.775 9.41393100904
7.8 9.41396388178
7.825 9.40422291134
7.85 9.4066828085
7.875 9.40852773138
7.9 9.40991142353
7.925 9.41094919265
7.95 9.41172751949
7.975 9.41231126462
8.0 9.41274907346
8.025 9.4130774301
8.05 9.41332369757
8.075 9.41350839818
8.1 9.41364692363
8.125 9.41375081773
8.15 9.41382873829
8.175 9.41388717872
8.2 9.41393100904
8.225 9.41396388178
8.25 9.40422291134
8.275 9.4066828085
8.3 9.40852773138
8.325 9.40991142353
8.35 9.41094919265
8.375 9.41172751949
8.4 9.41231126462
8.425 9.41274907346
8.45 9.4130774301
8.475 9.41332369757
8.5 9.41350839818
8.525 9.41364692363
8.55 9.41375081773
8.575 9.41382873829
8.6 9.41388717872
8.625 9.41393100904
8.65 9.41396388178
8.675 9.40422291134
8.7 9.4066828085
8.725 9.40852773138
8.75 9.40991142353
8.775 9.41094919265
8.8 9.41172751949
8.825 9.41231126462
8.85 9.41274907346
8.875 9.4130774301
8.9 9.41332369757
8.925 9.41350839818
8.95 9.41364692363
8.975 9.41375081773
9.0 9.41382873829
9.025 9.41388717872
9.05 9.41393100904
9.075 9.41396388178
9.1 9.40422291134
9.125 9.4066828085
9.15 9.40852773138
9.175 9.40991142353
9.2 9.41094919265
9.225 9.41172751949
9.25 9.41231126462
9.275 9.41274907346
9.3 9.4130774301
9.325 9.41332369757
9.35 9.41350839818
9.375 9.41364692363
9.4 9.41375081773
9.425 9.41382873829
9.45 9.41388717872
9.475 9.41393100904
9.5 9.41396388178
9.525 9.40422291134
9.55 9.4066828085
9.575 9.40852773138
9.6 9.40991142353
9.625 9.41094919265
9.65 9.41172751949
9.675 9.41231126462
9.7 9.41274907346
9.725 9.4130774301
9.75 9.41332369757
9.775 9.41350839818
9.8 9.41364692363
9.825 9.41375081773
9.85 9.41382873829
9.875 9.41388717872
9.9 9.41393100904
9.925 9.39443263178
9.95 9.32121509884
9.975 9.18817694913
10.0 9.03957021184
10.025 8.92811515888
10.05 8.81522699416
10.075 8.71102962062
10.1 8.63288159047
10.125 8.56450494285
10.15 8.56205058214
10.175 8.6383348116
10.2 8.6760167337
10.225 8.69451255028
10.25 8.73768128771
10.275 8.71146409078
10.3 8.62344181809
10.325 8.57695636356
10.35 8.47373289767
10.375 8.26936217325
10.4 8.14538100494
10.425 8.00356700371
10.45 7.78978462778
10.475 7.60991659583
10.5 7.50431244688
10.525 7.30792183516
10.55 7.14109762637
10.575 7.06480759478
10.6 6.97829319608
10.625 6.82551677206
10.65 6.74999695405
10.675 6.70312271553
10.7 6.60937328665
10.725 6.49999871499
10.75 6.43749903624
10.775 6.36132740218
10.8 6.27490180164
10.825 6.22961385123
10.85 6.11752288842
10.875 6.01392341632
10.9 5.93622381224
10.925 5.92677723418
10.95 5.87086417563
10.975 5.80939813172
11.0 5.73400172379
11.025 5.68722004285
11.05 5.69119628213
11.075 5.6648815866
11.1 5.60608306495
11.125 5.55221854871
11.15 5.49228891153
11.175 5.44734168365
11.2 5.41363126274
11.225 5.37858282205
11.25 5.31323399154
11.275 5.27398799366
11.3 5.23478787024
11.325 5.20538777768
11.35 5.19310333326
11.375 5.18388999995
11.4 5.15744874996
11.425 5.10832093747
11.45 5.0617094531
11.475 5.03651646483
11.5 5.02738734862
11.525 4.99124363646
11.55 4.93483897735
11.575 4.88276985801
11.6 4.84371801851
11.625 4.83396038888
11.65 4.82664216666
11.675 4.791856625
11.7 4.75600184375
11.725 4.73887638281
11.75 4.74556353711
11.775 4.73104765283
11.8 4.72992636462
11.825 4.69978852347
11.85 4.6869507676
11.875 4.6773224507
11.9 4.67010121303
11.925 4.66468528477
11.95 4.64109208858
11.975 4.62339719143
12.0 4.60036039357
12.025 4.59284842018
12.05 4.58721444014
12.075 4.5634577051
12.1 4.52610890383
12.125 4.49809730287
12.15 4.47708860215
12.175 4.46133207661
12.2 4.44951468246
12.225 4.44065163685
12.25 4.41447310263
12.275 4.40460482698
12.3 4.40696924523
12.325 4.39897693392
12.35 4.39298270044
12.375 4.37872140033
12.4 4.36802542525
12.425 4.34047219394
12.45 4.32957289545
12.475 4.32139842159
12.5 4.32503319119
12.525 4.31799364339
12.55 4.31271398255
12.575 4.30875423691
12.6 4.29601880268
12.625 4.30599847701
12.65 4.30371760776
12.675 4.30200695582
12.7 4.29095834186
12.725 4.2924375064
12.75 4.2837812548
12.775 4.2870546911
12.8 4.27974414332
12.825 4.27426123249
12.85 4.27991467437
12.875 4.27438913078
12.9 4.27024497308
12.925 4.24760560481
12.95 4.23062607861
12.975 4.21789143396
13.0 4.21810607547
13.025 4.2182670566
13.05 4.19885654245
13.075 4.18429865684
13.1 4.17338024263
13.125 4.17495705697
13.15 4.17613966773
13.175 4.1867922508
13.2 4.1654848131
13.225 4.14950423482
13.25 4.15705005112
13.275 4.16270941334
13.3 4.166953935
13.325 4.17013732625
13.35 4.18229049469
13.375 4.18163974602
13.4 4.20068293451
13.425 4.21496532588
13.45 4.21591149441
13.475 4.21662112081
13.5 4.20738771561
13.525 4.20046266171
13.55 4.19526887128
13.575 4.18160790346
13.6 4.17136217759
13.625 4.1636778832
13.65 4.1676802874
13.675 4.16091646555
13.7 4.16560922416
13.725 4.16912879312
13.75 4.17176846984
13.775 4.18351385238
13.8 4.18255726429
13.825 4.18183982321
13.85 4.16177049241
13.875 4.15648411931
13.9 4.15251933948
13.925 4.14954575461
13.95 4.13754994096
13.975 4.12855308072
14.0 4.12180543554
14.025 4.12651032665
14.05 4.13980461999
14.075 4.14977533999
14.1 4.15725337999
14.125 4.153096285
14.15 4.14997846375
14.175 4.14764009781
14.2 4.16541757336
14.225 4.16898505502
14.25 4.16189504126
14.275 4.15657753095
14.3 4.14282377321
14.325 4.14227407991
14.35 4.16139305993
14.375 4.16596666995
14.4 4.14986562746
14.425 4.1377898456
14.45 4.1287330092
14.475 4.1317060069
14.5 4.14370138017
14.525 4.14293228513
14.55 4.12282421385
14.575 4.10774316039
14.6 4.11596362029
14.625 4.11236334022
14.65 4.11942875516
14.675 4.12472781637
14.7 4.10917086228
14.725 4.10726877171
14.75 4.11560782878
14.775 4.11209649659
14.8 4.09969737244
14.825 4.09039802933
14.85 4.083423522
14.875 4.0684270165
14.9 4.06694526237
14.925 4.07559957178
14.95 4.06255905384
14.975 4.06254429038
15.0 4.04300196778
15.025 3.99904835084
15.05 3.94655188813
15.075 3.8974139161
15.1 3.88985731207
15.125 3.87442423405
15.15 3.87261505054
15.175 3.86149253791
15.2 3.86291627843
15.225 3.91281220882
15.25 3.96976540662
15.275 4.02224592996
15.3 4.02254382247
15.325 4.02276724185
15.35 4.04246605639
15.375 4.06700579229
15.4 4.07564496922
15.425 4.05282747691
15.45 4.04547998269
15.475 4.03020373701
15.5 4.04804342776
15.525 4.05165757082
15.55 4.03483692812
15.575 4.02222144609
15.6 4.03229108456
15.625 4.03984331342
15.65 4.05527311007
15.675 4.06684545755
15.7 4.05599346816
15.725 4.04785447612
15.75 4.05151585709
15.775 4.06402751782
15.8 4.05388001336
15.825 4.06580063502
15.85 4.03567860127
15.875 4.04238395095
15.9 4.04741296321
15.925 4.06095034741
15.95 4.06133776056
15.975 4.05186269542
16.0 4.06428764656
16.025 4.06384073492
16.05 4.08303680119
16.075 4.07790260089
16.1 4.07405195067
16.125 4.071163963
16.15 4.06899797225
16.175 4.06737347919
16.2 4.08568635939
16.225 4.09942101954
16.25 4.09995638966
16.275 4.10035791724
16.3 4.11042468793
16.325 4.11797476595
16.35 4.11387169946
16.375 4.1303256496
16.4 4.1036036122
16.425 4.09332770915
16.45 4.10515203186
16.475 4.1140202739
16.5 4.11090583042
16.525 4.10856999782
16.55 4.12634937336
16.575 4.12015265502
16.6 4.13503636627
16.625 4.1461991497
16.65 4.14480561227
16.675 4.13399483421
16.7 4.13565237565
16.725 4.12712990674
16.75 4.12073805506
16.775 4.13547541629
16.8 4.12699718722
16.825 4.11087289041
16.85 4.09877966781
16.875 4.09947537586
16.9 4.09999715689
16.925 4.11015411767
16.95 4.09824058825
16.975 4.08930544119
17.0 4.10213533089
17.025 4.10199212317
17.05 4.11165034238
17.075 4.10912838178
17.1 4.10723691134
17.125 4.1058183085
17.15 4.10475435638
17.175 4.09419076728
17.2 4.08626807546
17.225 4.0900916816
17.25 4.0831937612
17.275 4.0877859459
17.3 4.08146445942
17.325 4.07672334457
17.35 4.09269875843
17.375 4.09491469382
17.4 4.10634227036
17.425 4.11491295277
17.45 4.11157533958
17.475 4.10907212969
17.5 4.11696034726
17.525 4.12287651045
17.55 4.11754800784
17.575 4.11355163088
17.6 4.10078872316
17.625 4.09121654237
17.65 4.08403740678
17.675 4.08841868008
17.7 4.08193901006
17.725 4.06731363255
17.75 4.06611022441
17.775 4.06520766831
17.8 4.06453075123
17.825 4.05425743842
17.85 4.05631807882
17.875 4.05786355911
17.9 4.04925704433
17.925 4.05256778325
17.95 4.04528521244
17.975 4.04958890933
18.0 4.052816682
18.025 4.0650031365
18.05 4.06437735237
18.075 4.06390801428
18.1 4.06355601071
18.125 4.06329200803
18.15 4.06309400602
18.175 4.06294550452
18.2 4.05306850339
18.225 4.04566075254
18.25 4.05963618941
18.275 4.05058651705
18.3 4.06333051279
18.325 4.08265413459
18.35 4.08738122594
18.375 4.07139529446
18.4 4.07893709584
18.425 4.08459344688
18.45 4.07907008516
18.475 4.09445881387
18.5 4.0962347354
18.525 4.08780105155
18.55 4.09124141366
18.575 4.09382168525
18.6 4.09575688894
18.625 4.0972082917
18.65 4.09829684378
18.675 4.08934763283
18.7 4.08263572462
18.725 4.07760179347
18.75 4.0738263451
18.775 4.07099475883
18.8 4.06887106912
18.825 4.06727830184
18.85 4.05631810138
18.875 4.05786357603
18.9 4.04925705703
18.925 4.04280216777
18.95 4.04772662583
18.975 4.06118559437
19.0 4.06151419578
19.025 4.06176064683
19.05 4.07171111013
19.075 4.06940833259
19.1 4.07744687445
19.125 4.09324140583
19.15 4.08555605438
19.175 4.07979204078
19.2 4.07546903059
19.225 4.07222677294
19.25 4.0600294547
19.275 4.06064709103
19.3 4.07087594327
19.325 4.06878195745
19.35 4.06721146809
19.375 4.06603360107
19.4 4.0553845758
19.425 4.03763218185
19.45 4.04384913639
19.475 4.03874622729
19.5 4.02515342047
19.525 4.00519319035
19.55 4.00975426776
19.575 4.01317507582
19.6 4.01574068187
19.625 4.0371961364
19.65 4.0337564773
19.675 4.03117673298
19.7 4.02924192473
19.725 4.03755644355
19.75 4.04379233266
19.775 4.0484692495
19.8 4.05197693712
19.825 4.05460770284
19.85 4.05658077713
19.875 4.06782620785
19.9 4.07626028089
19.925 4.08258583566
19.95 4.06779875175
19.975 4.05670843881
20.0 4.02885945411
20.025 3.97867584058
20.05 3.92150688044
20.075 3.85909891033
20.1 3.82205855775
20.125 3.81380954331
20.15 3.82715403248
20.175 3.80786552436
20.2 3.79339914327
20.225 3.82161185745
20.25 3.85253701809
20.275 3.87573088857
20.3 3.91265754143
20.325 3.88175878107
20.35 3.8488190858
20.375 3.86317681435
20.4 3.86417948576
20.425 3.85516586432
20.45 3.85817127324
20.475 3.83112845493
20.5 3.7717838412
20.525 3.8054003809
20.55 3.77201903567
20.575 3.73721740176
20.6 3.75017867632
20.625 3.70130588224
20.65 3.67441691168
20.675 3.71284393376
20.7 3.69283607532
20.725 3.62900205649
20.75 3.63972029237
20.775 3.59893084428
20.8 3.54880750821
20.825 3.56004313115
20.85 3.51964172337
20.875 3.46004379252
20.9 3.46417346939
20.925 3.43797385205
20.95 3.40855851403
20.975 3.42555951053
21.0 3.41877900789
21.025 3.38439675592
21.05 3.39767256694
21.075 3.38809817521
21.1 3.3613861314
21.125 3.37064897355
21.15 3.35806485516
21.175 3.31932989137
21.2 3.30980991853
21.225 3.3124355639
21.25 3.28510792292
21.275 3.27437781719
21.3 3.28586148789
21.325 3.24564611592
21.35 3.22525021194
21.375 3.22948453396
21.4 3.21312902547
21.425 3.1910967691
21.45 3.20386945182
21.475 3.18415208887
21.5 3.14983281665
21.525 3.16315586249
21.55 3.16338252187
21.575 3.1342556414
21.6 3.12217610605
21.625 3.12288207954
21.65 3.09411468465
21.675 3.09207038849
21.7 3.09053716637
21.725 3.06009037478
21.75 3.03725528108
21.775 3.04942583581
21.8 3.05855375186
21.825 3.04586843889
21.85 3.03635445417
21.875 3.02921896563
21.9 3.01410172422
21.925 3.03206066817
21.95 3.03576425112
21.975 3.01901068834
22.0 3.00644551626
22.025 2.99702163719
22.05 2.99971935289
22.075 3.00174263967
22.1 3.00326010475
22.125 2.99463257856
22.15 2.98816193392
22.175 2.99307457544
22.2 2.97722780658
22.225 2.97510835494
22.25 2.9735187662
22.275 2.96256094965
22.3 2.95434258724
22.325 2.93841319043
22.35 2.91670051782
22.375 2.90041601337
22.4 2.91749951002
22.425 2.92054650752
22.45 2.91306613064
22.475 2.89769022298
22.5 2.89592391723
22.525 2.89459918793
22.55 2.91313689094
22.575 2.91727454321
22.6 2.90084653241
22.625 2.8982911493
22.65 2.89637461198
22.675 2.89493720898
22.7 2.89385915674
22.725 2.89305061755
22.75 2.89244421317
22.775 2.88222378487
22.8 2.87455846366
22.825 2.85904384774
22.85 2.85717351081
22.875 2.8655363831
22.9 2.87180853733
22.925 2.866747028
22.95 2.853185271
22.975 2.84301395325
23.0 2.85491671494
23.025 2.8443125362
23.05 2.83635940215
23.075 2.83039455161
23.1 2.82592091371
23.125 2.83233131028
23.15 2.83713910771
23.175 2.84074495578
23.2 2.82391809184
23.225 2.84059481888
23.25 2.85310236416
23.275 2.85271739812
23.3 2.84266304859
23.325 2.84488791144
23.35 2.84655655858
23.375 2.85757366894
23.4 2.8658365017
23.425 2.86226800128
23.45 2.84982600096
23.475 2.86002575072
23.5 2.86767556304
23.525 2.85388167228
23.55 2.84353625421
23.575 2.84554281566
23.6 2.84704773674
23.625 2.84817642756
23.65 2.83925732067
23.675 2.8130367405
23.7 2.81290255538
23.725 2.82256754153
23.75 2.82005065615
23.775 2.80839736711
23.8 2.80942302533
23.825 2.800426644
23.85 2.803444983
23.875 2.82523998725
23.9 2.80252374044
23.925 2.79525218033
23.95 2.81909538525
23.975 2.82721216393
24.0 2.82353412295
24.025 2.82077559221
24.05 2.82847231916
24.075 2.83424486437
24.1 2.85810552328
24.125 2.85646976746
24.15 2.83571170059
24.175 2.83967440045
24.2 2.85241205033
24.225 2.86196528775
24.25 2.84959896581
24.275 2.85008984936
24.3 2.84069238702
24.325 2.83364429026
24.35 2.8381238427
24.375 2.83171788202
24.4 2.81714778652
24.425 2.82575146489
24.45 2.82243859867
24.475 2.800422699
24.5 2.80344202425
24.525 2.81547214319
24.55 2.82449473239
24.575 2.82149604929
24.6 2.81924703697
24.625 2.80779465273
24.65 2.81873661455
24.675 2.82694308591
24.7 2.83309793943
24.725 2.82794845457
24.75 2.83385196593
24.775 2.84804522445
24.8 2.85869016834
24.825 2.85690825125
24.85 2.86533743844
24.875 2.86189370383
24.9 2.86907652787
24.925 2.8744636459
24.95 2.83944148443
24.975 2.80340923832
25.0 2.75685380374
25.025 2.72193722781
25.05 2.69574979585
25.075 2.67610922189
25.1 2.64184754142
25.125 2.61615128106
25.15 2.6457072108
25.175 2.6678741581
25.2 2.71379624357
25.225 2.74823780768
25.25 2.76430335576
25.275 2.80564939182
25.3 2.83665891887
25.325 2.85015043915
25.35 2.84073782936
25.375 2.86297524702
25.4 2.85035643527
25.425 2.85065795145
25.45 2.85088408859
25.475 2.82175681644
25.5 2.81944261233
25.525 2.82747258425
25.55 2.82372943819
25.575 2.79162520364
25.6 2.79684390273
25.625 2.81052355205
25.65 2.81101766404
25.675 2.81138824803
25.7 2.80190056102
25.725 2.81431604576
25.75 2.82362765932
25.775 2.84037699449
25.8 2.83340774587
25.825 2.8281808094
25.85 2.83402623205
25.875 2.85794154904
25.9 2.84658116178
25.925 2.84782649633
25.95 2.84876049725
25.975 2.83969537294
26.0 2.8426621547
26.025 2.83512161603
26.05 2.83923183702
26.075 2.83254887777
26.1 2.84706790832
26.125 2.82866030624
26.15 2.81485460468
26.175 2.82403157851
26.2 2.84067993388
26.225 2.84340057541
26.25 2.83567543156
26.275 2.83964719867
26.3 2.842626024
26.325 2.844860143
26.35 2.85630135725
26.375 2.84535101794
26.4 2.83713826345
26.425 2.84074432259
26.45 2.85321449194
26.475 2.83327024396
26.5 2.82807768297
26.525 2.83394888723
26.55 2.82858666542
26.575 2.83433062406
26.6 2.82887296805
26.625 2.82477972604
26.65 2.82170979453
26.675 2.8389385959
26.7 2.83232894692
26.725 2.83713733519
26.75 2.84074362639
26.775 2.8434483448
26.8 2.8454768836
26.825 2.8469982877
26.85 2.82860809077
26.875 2.83434669308
26.9 2.84841626981
26.925 2.83943720236
26.95 2.84246852677
26.975 2.84474202008
27.0 2.85621276506
27.025 2.86481582379
27.05 2.87126811784
27.075 2.84681046338
27.1 2.83823284754
27.125 2.85133088565
27.15 2.85138878924
27.175 2.83190096693
27.2 2.8270507252
27.225 2.8136474189
27.25 2.81336056417
27.275 2.83267667313
27.3 2.81786687985
27.325 2.81652515989
27.35 2.81551886991
27.375 2.82452977744
27.4 2.81175670808
27.425 2.82170815606
27.45 2.81940611704
27.475 2.81767958778
27.5 2.83591594084
27.525 2.82029633063
27.55 2.80858162297
27.575 2.81932684223
27.6 2.82738575667
27.625 2.8236643175
27.65 2.82087323813
27.675 2.8090143036
27.7 2.8098857277
27.725 2.82030492077
27.75 2.81835369058
27.775 2.79735901793
27.8 2.79137863845
27.825 2.78689335384
27.85 2.80306064038
27.875 2.80542048028
27.9 2.79742473521
27.925 2.78166230141
27.95 2.79913735106
27.975 2.81224363829
28.0 2.81230772872
28.025 2.80259017154
28.05 2.80506762865
28.075 2.80692572149
28.1 2.81808491612
28.125 2.82645431209
28.15 2.81320010907
28.175 2.8227907068
28.2 2.8202180301
28.225 2.82805414757
28.25 2.81439998568
28.275 2.82369061426
28.3 2.8111273357
28.325 2.82123612677
28.35 2.82881772008
28.375 2.81497266506
28.4 2.82412012379
28.425 2.84074634285
28.45 2.84345038213
28.475 2.8259471616
28.5 2.8323509962
28.525 2.82738824715
28.55 2.82366618536
28.575 2.83064026402
28.6 2.82610519802
28.625 2.80317264851
28.65 2.80550448638
28.675 2.80725336479
28.7 2.79879939859
28.725 2.80222454894
28.75 2.81455903671
28.775 2.82380990253
28.8 2.8307480519
28.825 2.84571728892
28.85 2.84717859169
28.875 2.85804019377
28.9 2.86618639533
28.925 2.8625304215
28.95 2.85002281612
28.975 2.84064211209
29.0 2.83360658407
29.025 2.82832993805
29.05 2.82437245354
29.075 2.82140434015
29.1 2.82894388012
29.125 2.83459853509
29.15 2.83883952631
29.175 2.83225464474
29.2 2.82731598355
29.225 2.82361198766
29.25 2.84036524075
29.275 2.84316455556
29.3 2.83549841667
29.325 2.8199831875
29.35 2.81811239063
29.375 2.82647491797
29.4 2.83274681348
29.425 2.83745073511
29.45 2.82144742633
29.475 2.81921056975
29.5 2.81753292731
29.525 2.82604032048
29.55 2.82265524036
29.575 2.82011643027
29.6 2.8182123227
29.625 2.81678424203
29.65 2.80594755652
29.675 2.79782004239
29.7 2.79172440679
29.725 2.79691830509
29.75 2.79104810382
29.775 2.77687982787
29.8 2.7760192459
29.825 2.78513943442
29.85 2.79197957582
29.875 2.80687530686
