0.1 0.0
0.15 0.0
0.2 0.0
0.25 0.0
0.3 0.0
0.35 0.0
0.4 0.0
0.45 0.0
0.5 0.0124354248047
0.55 0.0258338623047
0.6 0.0393956069946
0.65 0.0529893569946
0.7 0.0542869186401
0.75 0.0546775436401
0.8 0.0551290893555
0.85 0.0557150268555
0.9 0.0564528656006
0.95 0.0576247406006
1.0 0.0582243995667
1.05 0.0589470558166
1.1 0.0589532737732
1.15 0.0589923362732
1.2 0.0588546981812
1.25 0.0577505812645
1.3 0.0567165770531
1.35 0.0557910914421
1.4 0.0551215982437
1.45 0.0561106734276
1.5 0.0576601991653
1.55 0.0580017738342
1.6 0.0576392755508
1.65 0.0573379216194
1.7 0.0563557291031
1.75 0.0562264490128
1.8 0.0567097997665
1.85 0.0562317199707
1.9 0.0564846944809
1.95 0.0560794625282
2.0 0.0565833563805
2.05 0.0564631180763
2.1 0.0566164689064
2.15 0.0564191198349
2.2 0.0564122776985
2.25 0.0561640462875
2.3 0.0564454183579
2.35 0.0565226268768
2.4 0.0565754284859
2.45 0.0573481111527
2.5 0.0571410131455
2.55 0.0578039932251
2.6 0.0581138558388
2.65 0.0583347377777
2.7 0.0585005292893
2.75 0.0591863818169
2.8 0.0588056855202
2.85 0.059247797966
2.9 0.059394443512
2.95 0.0589772467614
3.0 0.0592710494996
3.05 0.0593577036858
3.1 0.0596435894967
3.15 0.0601593871118
3.2 0.0607430601121
3.25 0.0608022928239
3.3 0.0608448405267
3.35 0.0607504634858
3.4 0.0607233333588
3.45 0.0607458033562
3.5 0.060771127224
3.55 0.0608147697449
3.6 0.0607236909867
3.65 0.0605953373909
3.7 0.0605963869095
3.75 0.0605648913384
3.8 0.0605284833908
3.85 0.0605023679734
3.9 0.0603757419587
3.95 0.0602809033394
4.0 0.0601778759957
4.05 0.0601126241684
4.1 0.0601200246811
4.15 0.0601272926331
4.2 0.0601856265068
4.25 0.0603209934235
4.3 0.0604529614449
4.35 0.0603974227906
4.4 0.0603623056412
4.45 0.0602169809342
4.5 0.0600928096772
4.55 0.0601393227578
4.6 0.0601388840676
4.65 0.0601545648575
4.7 0.0601378135682
4.75 0.0601499729157
4.8 0.0602560920716
4.85 0.0603426127434
4.9 0.0603997998238
4.95 0.0607959809303
5.0 0.0636570377349
5.05 0.0654945321084
5.1 0.0657778234482
5.15 0.0646045112611
5.2 0.0610057287217
5.25 0.0581347398758
5.3 0.0572890429497
5.35 0.057316906929
5.4 0.0577903318405
5.45 0.0585333151817
5.5 0.0590519862175
5.55 0.0599738259316
5.6 0.0601990957261
5.65 0.0606218461991
5.7 0.0607997560501
5.75 0.0606729855538
5.8 0.0606796665192
5.85 0.0605750823021
5.9 0.0604526600838
5.95 0.0604559016228
6.0 0.0603427009583
6.05 0.0601731586457
6.1 0.060213031292
6.15 0.0602071723938
6.2 0.0603270111084
6.25 0.0604642910958
6.3 0.060452082634
6.35 0.0603367629052
6.4 0.0601984000206
6.45 0.0601132807732
6.5 0.0600056877137
6.55 0.0600448846818
6.6 0.0600747551918
6.65 0.0600545840264
6.7 0.0600506625176
6.75 0.0600492887497
6.8 0.0600367746353
6.85 0.0600466275216
6.9 0.0600341720582
6.95 0.0600425949097
7.0 0.060059542656
7.05 0.0600452685357
7.1 0.0600424399376
7.15 0.0600411300659
7.2 0.0600419979096
7.25 0.0600999655724
7.3 0.0602194137574
7.35 0.0603518481255
7.4 0.0604324955941
7.45 0.0604780793191
7.5 0.0603384494782
7.55 0.0602653794289
7.6 0.0602011504174
7.65 0.0602050042153
7.7 0.0603589043618
7.75 0.0603957595826
7.8 0.0604802951813
7.85 0.0604759349823
7.9 0.0604731397629
7.95 0.0604344248772
8.0 0.060298807621
8.05 0.0601951656341
8.1 0.060080748558
8.15 0.0600260648726
8.2 0.0600483927725
8.25 0.0600429368018
8.3 0.0600448880194
8.35 0.0600376749037
8.4 0.0600190582274
8.45 0.0600450596808
8.5 0.0600342793463
8.55 0.0600348949431
8.6 0.0600509929655
8.65 0.0600817246435
8.7 0.0602083649632
8.75 0.0603451256749
8.8 0.0604666266437
8.85 0.0605171689983
8.9 0.0604096417423
8.95 0.0602766580578
9.0 0.0601415104863
9.05 0.0600431704519
9.1 0.0600241551398
9.15 0.0600093035696
9.2 0.0600191040038
9.25 0.0600137219428
9.3 0.0600106129645
9.35 0.0600198335646
9.4 0.0600090551375
9.45 0.0600170984267
9.5 0.060157259941
9.55 0.0602901792525
9.6 0.0603393545149
9.65 0.0603330698012
9.7 0.0601935338973
9.75 0.0600570464133
9.8 0.060030309677
9.85 0.0600254645346
9.9 0.0600235152243
9.95 0.060470561981
10.0 0.0636016726492
10.05 0.0659729604717
10.1 0.0659102759358
10.15 0.0653567757604
10.2 0.0621307797429
10.25 0.0604251370429
10.3 0.062802236557
10.35 0.0642566590309
10.4 0.069786830425
10.45 0.0709130110741
10.5 0.0723974738118
10.55 0.0756425881387
10.6 0.0733196496964
10.65 0.0770663089749
10.7 0.0771499280931
10.75 0.07630369091
10.8 0.0772917513846
10.85 0.075831696987
10.9 0.0750893416401
10.95 0.074259973526
11.0 0.0727469229696
11.05 0.0714634790421
11.1 0.0719087409971
11.15 0.0718458499906
11.2 0.0722498116493
11.25 0.0721918640137
11.3 0.0714809031486
11.35 0.0717984361647
11.4 0.0719110660551
11.45 0.0712028250693
11.5 0.0708840689659
11.55 0.0703545789717
11.6 0.0700821623801
11.65 0.0709148287772
11.7 0.0707563271522
11.75 0.0706316318512
11.8 0.0704537868499
11.85 0.0703036518095
11.9 0.0706069350241
11.95 0.0706164507865
12.0 0.0700899477005
12.05 0.0701199645996
12.1 0.0702269711493
12.15 0.0702140932082
12.2 0.070458090782
12.25 0.0698014826773
12.3 0.0692423000335
12.35 0.0692861642836
12.4 0.0691850118635
12.45 0.0692897458076
12.5 0.0692747063637
12.55 0.0690577888488
12.6 0.0693428750037
12.65 0.0694812135695
12.7 0.0694815177917
12.75 0.0695328798294
12.8 0.0693222646713
12.85 0.0694201836584
12.9 0.0696335325239
12.95 0.0692646574974
13.0 0.0692467141151
13.05 0.0691645383835
13.1 0.0692323617935
13.15 0.0697745976446
13.2 0.0698355851174
13.25 0.070005502224
13.3 0.0699829072952
13.35 0.0697766008378
13.4 0.0697700324057
13.45 0.0695914816854
13.5 0.0694491491316
13.55 0.0696655578613
13.6 0.0695190563202
13.65 0.0696719532012
13.7 0.0696996059418
13.75 0.0691420049666
13.8 0.0690546369551
13.85 0.0688085994719
13.9 0.0689715509413
13.95 0.0692349553109
14.0 0.0692857146262
14.05 0.0695308699609
14.1 0.0692092261314
14.15 0.0692741332051
14.2 0.0694403800963
14.25 0.0691716742515
14.3 0.0692543005943
14.35 0.0691736688614
14.4 0.0692102003097
14.45 0.0691108489034
14.5 0.069173042774
14.55 0.0691351099015
14.6 0.0688823652268
14.65 0.0693190183639
14.7 0.0693392124176
14.75 0.0694291548727
14.8 0.069619813919
14.85 0.0693404746056
14.9 0.0692363266944
14.95 0.069309212208
15.0 0.0701069693578
15.05 0.0727692108166
15.1 0.0739692358979
15.15 0.0737692770961
15.2 0.0721771402351
15.25 0.0693278141015
15.3 0.0676529617308
15.35 0.0673778686525
15.4 0.0683061385154
15.45 0.068425253868
15.5 0.0692141737936
15.55 0.0695778536794
15.6 0.0692237310411
15.65 0.0694976711274
15.7 0.0692181558609
15.75 0.0691037297248
15.8 0.0691837697026
15.85 0.0690380649566
15.9 0.0690441751481
15.95 0.0691696538926
16.0 0.0693372426033
16.05 0.0694029707906
16.1 0.0693546824455
16.15 0.0692433567046
16.2 0.0692517700197
16.25 0.0691386055947
16.3 0.0692336578366
16.35 0.0695510067937
16.4 0.0692585439678
16.45 0.069496321678
16.5 0.0694913334843
16.55 0.0690974907876
16.6 0.0694356112481
16.65 0.069405049324
16.7 0.0693602132798
16.75 0.0696555457113
16.8 0.0694968552587
16.85 0.0691683006287
16.9 0.0692456998826
16.95 0.0691881337164
17.0 0.0691785173418
17.05 0.0691974248885
17.1 0.0691485710142
17.15 0.0692381300926
17.2 0.0693474392887
17.25 0.0695868020058
17.3 0.0695030183793
17.35 0.0692577219009
17.4 0.0691575722695
17.45 0.069197759151
17.5 0.0691073818205
17.55 0.0693330039979
17.6 0.0695332636832
17.65 0.0693129830361
17.7 0.069459789753
17.75 0.0694386596676
17.8 0.0692759075165
17.85 0.069476062298
17.9 0.0695891103742
17.95 0.069693801403
18.0 0.0696198272704
18.05 0.0692459173198
18.1 0.0692032403945
18.15 0.0690290727616
18.2 0.0690893468857
18.25 0.0692123517992
18.3 0.0691550836562
18.35 0.0690624089237
18.4 0.0691193904872
18.45 0.069314570427
18.5 0.0691899781227
18.55 0.0692874336244
18.6 0.0690479555131
18.65 0.0689631896015
18.7 0.068894685745
18.75 0.0688285737036
18.8 0.0689590101242
18.85 0.0689470305443
18.9 0.0690579471589
18.95 0.0690383892057
19.0 0.0691925811765
19.05 0.0692442612646
19.1 0.069333837986
19.15 0.0693877024651
19.2 0.0692806229593
19.25 0.0693204040528
19.3 0.0692023930548
19.35 0.0691763739584
19.4 0.0691927881238
19.45 0.0692155947687
19.5 0.0694177227022
19.55 0.0694712395669
19.6 0.0695945615768
19.65 0.0695392599103
19.7 0.0693907952306
19.75 0.0694670181271
19.8 0.0692222142222
19.85 0.0690182762145
19.9 0.0689697790146
19.95 0.0688501081475
20.0 0.0696765112905
20.05 0.0723848452598
20.1 0.074326304915
20.15 0.0744936575901
20.2 0.0733037848456
20.25 0.0706317729944
20.3 0.0693652749058
20.35 0.0697972049715
20.4 0.0711207957284
20.45 0.0721790862084
20.5 0.0733160004615
20.55 0.0740793685911
20.6 0.0739111237529
20.65 0.0746125316625
20.7 0.0753463172916
20.75 0.0763966741584
20.8 0.077270210743
20.85 0.0785174942015
20.9 0.079221486091
20.95 0.0779829254148
21.0 0.0782830634112
21.05 0.0772716612807
21.1 0.0757206325548
21.15 0.0759148035044
21.2 0.0755700736043
21.25 0.0748015575417
21.3 0.074551394939
21.35 0.0749303936956
21.4 0.0747928547868
21.45 0.0755747528079
21.5 0.0757525606155
21.55 0.0754242410657
21.6 0.0757638731001
21.65 0.0754137248997
21.7 0.0755324125289
21.75 0.0763509664544
21.8 0.0762461981776
21.85 0.0764971265789
21.9 0.0765909414294
21.95 0.0762526836388
22.0 0.0761421418192
22.05 0.0757916259769
22.1 0.0756809425354
22.15 0.0754789795879
22.2 0.075479903698
22.25 0.0756881952288
22.3 0.0758003673558
22.35 0.0761486368184
22.4 0.0768574481013
22.45 0.0769305310251
22.5 0.0768987154962
22.55 0.0766223077767
22.6 0.0762594184871
22.65 0.0762035360338
22.7 0.0757526459693
22.75 0.0756918139464
22.8 0.075801857948
22.85 0.0757226853363
22.9 0.0759017653468
22.95 0.0759539365771
23.0 0.0757243504526
23.05 0.0761776633264
23.1 0.0763166484834
23.15 0.0759777374266
23.2 0.0757262711532
23.25 0.0751760988234
23.3 0.0755690140721
23.35 0.075536800862
23.4 0.0755286412234
23.45 0.0757173366552
23.5 0.0754238953585
23.55 0.0757721552844
23.6 0.0753989906319
23.65 0.0751400609016
23.7 0.0753971691134
23.75 0.0756935791969
23.8 0.0762739758489
23.85 0.0764757242205
23.9 0.0762672185907
23.95 0.0761838798515
24.0 0.0761505107879
24.05 0.0762463693625
24.1 0.0758089642519
24.15 0.0752013731017
24.2 0.0751293478007
24.25 0.0753551707266
24.3 0.0755727276811
24.35 0.0758523068426
24.4 0.0762664451605
24.45 0.0762629704465
24.5 0.076574120998
24.55 0.0767462806705
24.6 0.0766883935933
24.65 0.0764584970479
24.7 0.076108558178
24.75 0.076265363692
24.8 0.075687785148
24.85 0.0753680710801
24.9 0.0753671264647
24.95 0.0751196517954
25.0 0.0777414321921
25.05 0.0815584611898
25.1 0.0826143894188
25.15 0.0819485282897
25.2 0.0791659717531
25.25 0.0748260102254
25.3 0.0735040502551
25.35 0.0740566229811
25.4 0.0737861127856
25.45 0.0744814858445
25.5 0.0749459824559
25.55 0.0749255442625
25.6 0.0757695951472
25.65 0.0757323827738
25.7 0.0759974970828
25.75 0.0765106105797
25.8 0.0763155508035
25.85 0.0760078859332
25.9 0.075481825828
25.95 0.0751842617988
26.0 0.0750462484361
26.05 0.0753286457063
26.1 0.0754570569992
26.15 0.0753109645858
26.2 0.0752000570292
26.25 0.0751515913012
26.3 0.0751055054667
26.35 0.0751136813155
26.4 0.0757496132857
26.45 0.0759241027834
26.5 0.0762558093073
26.55 0.0763306269649
26.6 0.075997412682
26.65 0.0760845117563
26.7 0.075851885319
26.75 0.0757825078973
26.8 0.0756194872848
26.85 0.0755185909277
26.9 0.0755390725129
26.95 0.0754899287215
27.0 0.0756802501688
27.05 0.0755075592994
27.1 0.0756093926436
27.15 0.0756800422674
27.2 0.0759893279064
27.25 0.0763036804202
27.3 0.0763393006325
27.35 0.0761977534291
27.4 0.0759986991888
27.45 0.0759174928667
27.5 0.075824333668
27.55 0.0759417977337
27.6 0.0758320055001
27.65 0.0758049950595
27.7 0.0757534146315
27.75 0.0757853531831
27.8 0.0759657979015
27.85 0.0763055567749
27.9 0.0763989944458
27.95 0.0764346079828
28.0 0.0762074522982
28.05 0.0759499969471
28.1 0.0759331550591
28.15 0.0757002239243
28.2 0.0754615216244
28.25 0.075356244088
28.3 0.0754333710675
28.35 0.0753437604895
28.4 0.0753116469395
28.45 0.0752630248063
28.5 0.0753860197072
28.55 0.0759007148744
28.6 0.0759600973124
28.65 0.0757722535137
28.7 0.0754725179669
28.75 0.0753680348387
28.8 0.075588823319
28.85 0.0755427489292
28.9 0.075531582832
28.95 0.0757553863537
29.0 0.0759977011672
29.05 0.0760230045315
29.1 0.0758820085535
29.15 0.0758638315189
29.2 0.0760346012122
29.25 0.0759183988574
29.3 0.0755105319019
29.35 0.074816566468
29.4 0.0747582879067
29.45 0.075541569709
29.5 0.07620421505
29.55 0.0767185392392
29.6 0.0766045613289
29.65 0.0764680862428
29.7 0.0765707106587
29.75 0.0762893571847
29.8 0.0762842373856
29.85 0.0763705458645
