0.1 0.0
0.15 0.0
0.2 0.0
0.25 0.0
0.3 0.0
0.35 0.0
0.4 0.0
0.45 0.0
0.5 0.0
0.55 0.0
0.6 0.0
0.65 0.4197265625
0.7 0.9197265625
0.75 2.1671875
0.8 3.6671875
0.85 6.0271484375
0.9 9.0271484375
0.95 13.2767578125
1.0 19.2767578125
1.05 26.1423828125
1.1 36.1423828125
1.15 45.8509765625
1.2 59.672265625
1.25 72.6758789063
1.3 89.8852539063
1.35 106.855957031
1.4 127.095263672
1.45 148.249951172
1.5 170.832519531
1.55 196.055175781
1.6 220.866162109
1.65 249.895800781
1.7 277.217480469
1.75 309.647021484
1.8 340.268652344
1.85 375.621337891
1.9 410.38671875
1.95 448.389404297
2.0 486.824023438
2.05 527.371826172
2.1 569.437451172
2.15 612.090966797
2.2 657.839257813
2.25 702.975195313
2.3 751.683691406
2.35 800.220068359
2.4 851.625292969
2.45 903.4125
2.5 957.232324219
2.55 1010.87001953
2.6 1065.48808594
2.65 1120.7019043
2.7 1175.73154297
2.75 1232.30507813
2.8 1289.08710938
2.85 1346.72739258
2.9 1405.26005859
2.95 1464.51650391
3.0 1523.86411133
3.05 1583.52910156
3.1 1643.20097656
3.15 1702.80239258
3.2 1762.67861328
3.25 1822.91357422
3.3 1883.07197266
3.35 1943.43583984
3.4 2003.65776367
3.45 2063.70986328
3.5 2124.04038086
3.55 2184.32685547
3.6 2244.6777832
3.65 2305.06894531
3.7 2365.26010742
3.75 2425.48574219
3.8 2485.71699219
3.85 2546.06635742
3.9 2606.43671875
3.95 2666.77597656
4.0 2727.15078125
4.05 2787.38354492
4.1 2847.62470703
4.15 2907.87524414
4.2 2967.94414062
4.25 3028.08881836
4.3 3088.32368164
4.35 3148.52001953
4.4 3208.90922851
4.45 3269.24067383
4.5 3329.47939453
4.55 3389.73935547
4.6 3449.96679687
4.65 3510.20439453
4.7 3570.44916992
4.75 3630.66938476
4.8 3690.77558594
4.85 3750.85419922
4.9 3811.10102539
4.95 3870.86269531
5.0 3926.9949707
5.05 3982.91469726
5.1 4037.95141601
5.15 4094.40532226
5.2 4154.15126953
5.25 4213.71567383
5.3 4273.61010742
5.35 4332.48496094
5.4 4391.26347656
5.45 4450.50439453
5.5 4509.97431641
5.55 4569.53579101
5.6 4629.52075195
5.65 4689.43256836
5.7 4749.59287109
5.75 4809.78842773
5.8 4870.18168945
5.85 4930.54023437
5.9 4990.79677734
5.95 5051.19643555
6.0 5111.45888672
6.05 5171.76542969
6.1 5232.02963867
6.15 5292.11894531
6.2 5352.25576172
6.25 5412.44785156
6.3 5472.80175781
6.35 5533.12802734
6.4 5593.54169922
6.45 5653.87602539
6.5 5714.08984375
6.55 5774.37636719
6.6 5834.59555664
6.65 5894.83007812
6.7 5955.05908203
6.75 6015.29570312
6.8 6075.52866211
6.85 6135.76381836
6.9 6196.00449219
6.95 6256.24477539
7.0 6316.47128906
7.05 6376.70966797
7.1 6436.94853515
7.15 6497.17197265
7.2 6557.40141601
7.25 6617.47783203
7.3 6677.63002929
7.35 6737.75996094
7.4 6797.84179687
7.45 6858.17241211
7.5 6918.51254883
7.55 6978.82988281
7.6 7039.09008789
7.65 7099.2684082
7.7 7159.36582031
7.75 7219.51860351
7.8 7279.73818359
7.85 7339.99252929
7.9 7400.25014648
7.95 7460.5915039
8.0 7520.97084961
8.05 7581.30234375
8.1 7641.65625
8.15 7701.88032226
8.2 7762.10546875
8.25 7822.33623047
8.3 7882.54682617
8.35 7942.8059082
8.4 8003.0649414
8.45 8063.28764648
8.5 8123.55493164
8.55 8183.75439453
8.6 8243.99790039
8.65 8304.1215332
8.7 8364.23818359
8.75 8424.39414062
8.8 8484.50405273
8.85 8544.7625
8.9 8605.08222656
8.95 8665.42797851
9.0 8725.77128906
9.05 8786.10141602
9.1 8846.33266602
9.15 8906.55219727
9.2 8966.78286133
9.25 9027.02744141
9.3 9087.25620117
9.35 9147.49082031
9.4 9207.73300781
9.45 9267.91420898
9.5 9328.08378906
9.55 9388.23339844
9.6 9448.46289063
9.65 9508.75019531
9.7 9569.07163086
9.75 9629.3953125
9.8 9689.64887695
9.85 9749.88588867
9.9 9810.09160156
9.95 9869.60366211
10.0 9925.52011719
10.05 9981.45991211
10.1 10036.4072754
10.15 10091.1977539
10.2 10147.8714355
10.25 10204.1963379
10.3 10258.1803711
10.35 10309.5840332
10.4 10362.9904297
10.45 10410.2604004
10.5 10459.2120117
10.55 10505.981543
10.6 10546.5556152
10.65 10591.0402344
10.7 10631.7906738
10.75 10673.5445801
10.8 10714.5318359
10.85 10754.5563965
10.9 10794.1231445
10.95 10831.6578613
11.0 10870.3099121
11.05 10905.9652832
11.1 10941.5366699
11.15 10977.4142578
11.2 11012.1808105
11.25 11046.5893066
11.3 11080.3240723
11.35 11113.4042969
11.4 11146.9440918
11.45 11180.1054688
11.5 11212.0349121
11.55 11243.9656738
11.6 11274.827002
11.65 11305.385791
11.7 11336.395752
11.75 11366.6361816
11.8 11396.7108398
11.85 11426.9620605
11.9 11456.8432617
11.95 11486.9094238
12.0 11516.6095703
12.05 11545.6523438
12.1 11574.8388184
12.15 11603.7116699
12.2 11632.2271973
12.25 11660.8979492
12.3 11689.0385742
12.35 11717.0106445
12.4 11745.0192383
12.45 11772.6608398
12.5 11800.3270996
12.55 11827.9156738
12.6 11855.5283691
12.65 11883.1854004
12.7 11910.8383789
12.75 11938.3164063
12.8 11965.565625
12.85 11992.8109375
12.9 12020.1575195
12.95 12047.5108398
13.0 12074.6950684
13.05 12101.6214844
13.1 12128.1722656
13.15 12154.6858398
13.2 12181.3481934
13.25 12208.0558594
13.3 12234.7186035
13.35 12261.36875
13.4 12288.101709
13.45 12314.9650879
13.5 12341.9799805
13.55 12369.0016113
13.6 12395.9575684
13.65 12422.8895996
13.7 12449.6997559
13.75 12476.4832031
13.8 12503.0689453
13.85 12529.4177246
13.9 12555.8910645
13.95 12582.2155762
14.0 12608.6054688
14.05 12635.3100098
14.1 12661.8023438
14.15 12688.4547852
14.2 12715.1719238
14.25 12741.6381836
14.3 12768.3015137
14.35 12794.9212891
14.4 12821.5711914
14.45 12848.3191406
14.5 12874.8713867
14.55 12901.3329102
14.6 12927.6282715
14.65 12953.8389648
14.7 12980.049707
14.75 13006.1403809
14.8 13032.368457
14.85 13058.472168
14.9 13084.5960449
14.95 13110.8948242
15.0 13136.0552246
15.05 13161.0379395
15.1 13185.81875
15.15 13210.0385254
15.2 13235.9256348
15.25 13261.6301758
15.3 13287.7033203
15.35 13314.0564941
15.4 13339.4560547
15.45 13365.4817871
15.5 13391.0344238
15.55 13416.8016113
15.6 13442.8229492
15.65 13468.5931641
15.7 13494.5717773
15.75 13520.4778809
15.8 13546.4247559
15.85 13572.4144531
15.9 13598.4327148
15.95 13624.4436523
16.0 13650.3932617
16.05 13676.371875
16.1 13702.3444824
16.15 13728.5046387
16.2 13754.7806641
16.25 13781.0140625
16.3 13807.3723633
16.35 13833.6296387
16.4 13859.7625488
16.45 13885.9512695
16.5 13912.2614258
16.55 13938.5817871
16.6 13965.1528809
16.65 13991.7186524
16.7 14018.256543
16.75 14044.7215332
16.8 14070.9890625
16.85 14097.3562988
16.9 14123.4965332
16.95 14149.7901367
17.0 14176.1112305
17.05 14202.2880371
17.1 14228.6075195
17.15 14254.8050781
17.2 14281.0002441
17.25 14307.3164063
17.3 14333.4790527
17.35 14359.6241699
17.4 14385.9085449
17.45 14412.1028809
17.5 14438.4111328
17.55 14464.7495117
17.6 14490.9123535
17.65 14517.1419922
17.7 14543.2675293
17.75 14569.4273438
17.8 14595.6556152
17.85 14621.6429688
17.9 14647.625293
17.95 14673.575
18.0 14699.240332
18.05 14725.1655274
18.1 14751.0419434
18.15 14776.9587891
18.2 14803.0304199
18.25 14829.064209
18.3 14855.055957
18.35 14880.9229981
18.4 14907.1443359
18.45 14933.2510254
18.5 14959.46875
18.55 14985.9452149
18.6 15012.0948242
18.65 15038.2355957
18.7 15064.4068359
18.75 15090.4102539
18.8 15116.4382324
18.85 15142.4928711
18.9 15168.5166992
18.95 15194.3658203
19.0 15220.2000977
19.05 15246.0933106
19.1 15272.0561035
19.15 15298.2186035
19.2 15324.4019531
19.25 15350.6673828
19.3 15376.7993164
19.35 15402.8083008
19.4 15428.7928711
19.45 15454.5725586
19.5 15480.3478516
19.55 15506.1618652
19.6 15531.8979492
19.65 15557.6900879
19.7 15583.4538574
19.75 15609.3130371
19.8 15635.1615234
19.85 15661.2054688
19.9 15687.2082031
19.95 15713.1722168
20.0 15738.4650879
20.05 15762.7798828
20.1 15787.1912109
20.15 15810.8452149
20.2 15836.320752
20.25 15862.0436524
20.3 15886.645459
20.35 15912.1358887
20.4 15935.9663574
20.45 15959.5395996
20.5 15983.7074219
20.55 16007.8212891
20.6 16031.7432617
20.65 16055.0697266
20.7 16078.7734375
20.75 16102.1021973
20.8 16124.4621582
20.85 16147.2302246
20.9 16170.0028809
20.95 16191.3532715
21.0 16213.29375
21.05 16235.4338867
21.1 16256.8620606
21.15 16278.4696777
21.2 16300.2066406
21.25 16321.6486816
21.3 16342.3834961
21.35 16363.2438965
21.4 16383.7658691
21.45 16403.8009766
21.5 16423.9895996
21.55 16444.1581055
21.6 16464.2175781
21.65 16484.1583496
21.7 16504.0006348
21.75 16523.582666
21.8 16542.9857422
21.85 16562.4986816
21.9 16581.8302734
21.95 16601.2506348
22.0 16620.606543
22.05 16639.8631836
22.1 16659.1664063
22.15 16678.3512207
22.2 16697.4399902
22.25 16716.3359375
22.3 16735.0958008
22.35 16753.8333496
22.4 16772.4259766
22.45 16791.0410645
22.5 16809.6676758
22.55 16828.3097168
22.6 16847.0904297
22.65 16865.8636719
22.7 16884.6054199
22.75 16903.0864258
22.8 16921.4384277
22.85 16939.8521973
22.9 16958.0177246
22.95 16976.1573242
23.0 16994.3107422
23.05 17012.3967285
23.1 17030.6377441
23.15 17048.8615234
23.2 17067.1561035
23.25 17085.3771973
23.3 17103.6716797
23.35 17122.0330078
23.4 17140.3395996
23.45 17158.4687012
23.5 17176.7203125
23.55 17195.0009277
23.6 17213.1867676
23.65 17231.5269531
23.7 17249.4072266
23.75 17267.1648438
23.8 17285.0647461
23.85 17302.9222656
23.9 17320.7996582
23.95 17339.0228027
24.0 17357.0994141
24.05 17375.276416
24.1 17393.7093262
24.15 17411.8923828
24.2 17430.1558594
24.25 17448.3012695
24.3 17466.5873047
24.35 17484.6531738
24.4 17502.5245117
24.45 17520.5543945
24.5 17538.4938477
24.55 17556.5249512
24.6 17574.7047363
24.65 17592.8584961
24.7 17610.8376953
24.75 17629.0424317
24.8 17647.3657715
24.85 17665.5849609
24.9 17683.9649902
24.95 17702.168457
25.0 17719.6551758
25.05 17736.2537109
25.1 17753.2129395
25.15 17770.1469238
25.2 17787.6823242
25.25 17806.3286621
25.3 17824.505957
25.35 17842.7741699
25.4 17861.0352539
25.45 17879.0443848
25.5 17897.1213379
25.55 17914.9544922
25.6 17932.8959473
25.65 17951.0449707
25.7 17968.9554199
25.75 17987.0714844
25.8 18005.2211426
25.85 18023.2345215
25.9 18041.4566406
25.95 18059.8214844
26.0 18078.0761231
26.05 18096.2574707
26.1 18114.2880859
26.15 18132.2338867
26.2 18150.1688965
26.25 18168.2307129
26.3 18186.5295899
26.35 18204.5963379
26.4 18222.8615234
26.45 18241.0806641
26.5 18259.2426758
26.55 18277.6180176
26.6 18295.7087402
26.65 18314.0150391
26.7 18332.1582031
26.75 18350.1629883
26.8 18368.4780762
26.85 18386.4077149
26.9 18404.5588867
26.95 18422.9070313
27.0 18441.0336914
27.05 18459.1844238
27.1 18477.3299317
27.15 18495.423584
27.2 18513.4275879
27.25 18531.5420899
27.3 18549.5232422
27.35 18567.5450684
27.4 18585.6338867
27.45 18603.8223145
27.5 18621.9364258
27.55 18639.9917481
27.6 18658.0286133
27.65 18676.0876465
27.7 18694.1975098
27.75 18712.1825195
27.8 18730.3172852
27.85 18748.2203125
27.9 18766.011377
27.95 18784.1208984
28.0 18801.869043
28.05 18819.6140137
28.1 18837.7294434
28.15 18855.7325684
28.2 18873.9354004
28.25 18892.227002
28.3 18910.3231934
28.35 18928.2600586
28.4 18946.1463379
28.45 18964.3151856
28.5 18982.267627
28.55 19000.2399414
28.6 19018.5170899
28.65 19036.5959961
28.7 19054.7426758
28.75 19072.9997559
28.8 19091.0542969
28.85 19108.9473145
28.9 19127.0817871
28.95 19145.0802246
29.0 19163.2208496
29.05 19181.7022461
29.1 19199.8708984
29.15 19218.0289063
29.2 19236.3297363
29.25 19254.4025879
29.3 19272.621875
29.35 19290.8262207
29.4 19308.6321289
29.45 19326.4858887
29.5 19344.4035156
29.55 19362.3769531
29.6 19380.4138672
29.65 19398.4143555
29.7 19416.4579102
29.75 19434.5196777
29.8 19452.3927735
29.85 19470.1707031
