0.1 0.0
0.15 0.0
0.2 0.0
0.25 0.0
0.3 0.0
0.35 0.0
0.4 0.0
0.45 0.0
0.5 0.0
0.55 1.15454101563
0.6 2.40454101563
0.65 4.07426757813
0.7 5.82426757813
0.75 7.1671875
0.8 8.6671875
0.85 10.5861938477
0.9 12.8518188477
0.95 15.3517572065
1.0 18.5679474129
1.05 21.6787409334
1.1 25.587230654
1.15 29.0441288067
1.2 32.9768457622
1.25 36.5338060028
1.3 40.5083379203
1.35 44.152359363
1.4 48.103231971
1.45 51.7134539321
1.5 55.5942088728
1.55 59.2752915599
1.6 62.9420695031
1.65 66.7614476535
1.7 70.1409401339
1.75 73.8662026692
1.8 77.1426862483
1.85 80.8284500166
1.9 84.1274230106
1.95 87.8511272083
2.0 91.137359254
2.05 94.7653095022
2.1 97.9370121773
2.15 101.446706601
2.2 104.545011197
2.25 108.103034568
2.3 111.260564541
2.35 114.75655414
2.4 117.82148167
2.45 120.188333742
2.5 122.325910282
2.55 123.912482998
2.6 125.807080911
2.65 127.639004834
2.7 129.975401779
2.75 131.692047608
2.8 133.593876965
2.85 134.922946033
2.9 136.110715284
2.95 137.022286841
3.0 138.145378487
3.05 139.374413444
3.1 140.469609062
3.15 141.717092616
3.2 142.164129669
3.25 142.268779895
3.3 142.144096255
3.35 142.087517403
3.4 142.133506133
3.45 142.144498553
3.5 142.022933973
3.55 141.728480913
3.6 141.572329395
3.65 141.640881203
3.7 141.629008444
3.75 141.552160322
3.8 141.261582094
3.85 140.921690213
3.9 140.808456792
3.95 140.770661134
4.0 140.792991019
4.05 140.866263113
4.1 140.926126276
4.15 140.961517182
4.2 141.02823912
4.25 141.068616685
4.3 140.999174146
4.35 140.896237218
4.4 140.741873847
4.45 140.607876874
4.5 140.594404989
4.55 140.593036446
4.6 140.61387097
4.65 140.652458106
4.7 140.680072296
4.75 140.780820083
4.8 140.901396729
4.85 140.989014515
4.9 141.054451588
4.95 140.980104116
5.0 140.485453919
5.05 140.010359388
5.1 138.083670815
5.15 135.60457406
5.2 133.523843518
5.25 132.303594051
5.3 132.560981168
5.35 134.396691467
5.4 136.532086878
5.45 138.174125106
5.5 140.063649671
5.55 141.024908867
5.6 141.770750662
5.65 142.145239898
5.7 142.021702772
5.75 141.855063622
5.8 141.562158214
5.85 141.249838288
5.9 141.148807344
5.95 140.960533749
6.0 140.8142587
6.05 140.852959901
6.1 140.939543457
6.15 141.074217259
6.2 141.183964467
6.25 141.085071136
6.3 140.838953908
6.35 140.631989084
6.4 140.586096634
6.45 140.604299364
6.5 140.698563936
6.55 140.748472389
6.6 140.668122234
6.65 140.592918157
6.7 140.576382995
6.75 140.62128185
6.8 140.662786633
6.85 140.686403877
6.9 140.713571852
6.95 140.735124564
7.0 140.802741048
7.05 140.866311285
7.1 140.90639321
7.15 140.931692696
7.2 140.934208107
7.25 140.961330503
7.3 141.009466635
7.35 141.0659363
7.4 141.096633167
7.45 141.031319912
7.5 140.95088832
7.55 141.009665372
7.6 141.22413379
7.65 141.501652058
7.7 141.75577903
7.75 141.86568363
7.8 141.73188972
7.85 141.58912273
7.9 141.399128256
7.95 141.117136167
8.0 140.931285014
8.05 140.827797254
8.1 140.808970455
8.15 140.814475512
8.2 140.792676216
8.25 140.715656707
8.3 140.65197961
8.35 140.661672167
8.4 140.752439983
8.45 140.833390989
8.5 140.894750871
8.55 140.948342655
8.6 140.963694074
8.65 141.013350898
8.7 141.067138787
8.75 141.096717931
8.8 141.102632738
8.85 140.990884301
8.9 140.850192632
8.95 140.734171737
9.0 140.615413695
9.05 140.580343823
9.1 140.588931376
9.15 140.599121108
9.2 140.658858214
9.25 140.739846388
9.3 140.797110959
9.35 140.833868477
9.4 140.82422268
9.45 140.880517601
9.5 140.947939576
9.55 141.003717584
9.6 141.043617893
9.65 140.968926061
9.7 140.838292807
9.75 140.739810574
9.8 140.740071767
9.85 140.76986372
9.9 140.874070652
9.95 140.988618054
10.0 140.396813407
10.05 138.370496299
10.1 136.325705633
10.15 134.655223379
10.2 133.857210634
10.25 134.671439425
10.3 135.82901439
10.35 136.380181216
10.4 133.704919555
10.45 130.849468088
10.5 127.628567856
10.55 124.411979341
10.6 124.17242921
10.65 122.106255979
10.7 119.152032494
10.75 116.41525655
10.8 111.702298055
10.85 107.861222582
10.9 104.930299952
10.95 101.563915822
11.0 99.7034357921
11.05 98.7976958407
11.1 97.1270036248
11.15 95.6810246448
11.2 94.6739665947
11.25 92.8318091504
11.3 91.7546039706
11.35 90.4857658183
11.4 88.2401602625
11.45 86.829654101
11.5 85.346878409
11.55 84.102859472
11.6 83.8669654605
11.65 83.438476106
11.7 82.9881221052
11.75 82.6959743508
11.8 81.9759981189
11.85 81.44861723
11.9 80.8508735225
11.95 79.8617956367
12.0 79.3005462283
12.05 78.4434228229
12.1 77.4651516115
12.15 76.8836328133
12.2 76.0309671792
12.25 75.3518569756
12.3 74.9583915732
12.35 74.5580058549
12.4 74.4281128795
12.45 74.406961802
12.5 74.3483624575
12.55 74.2966834291
12.6 74.2042942645
12.65 74.0981744961
12.7 74.0295029945
12.75 73.7508713724
12.8 73.4978049994
12.85 73.2160872781
12.9 72.7032682918
12.95 72.400409426
13.0 72.1491811335
13.05 72.002492366
13.1 72.0869048637
13.15 72.209644006
13.2 72.3070171275
13.25 72.3561917643
13.3 72.4077834523
13.35 72.4210484956
13.4 72.4132498638
13.45 72.3932328763
13.5 72.3707988375
13.55 72.1225219154
13.6 71.8279492459
13.65 71.543718014
13.7 71.1904325606
13.75 71.0629899908
13.8 71.0152288628
13.85 71.018431479
13.9 71.0906883165
13.95 71.2073642983
14.0 71.3239267802
14.05 71.391641629
14.1 71.522439248
14.15 71.6088177227
14.2 71.6235179542
14.25 71.5500763999
14.3 71.4135520754
14.35 71.226198331
14.4 71.0583910927
14.45 70.9781040277
14.5 70.8866879956
14.55 70.8451759865
14.6 70.8258379714
14.65 70.7830066274
14.7 70.7513042504
14.75 70.6284787207
14.8 70.4352086775
14.85 70.2654319634
14.9 70.1898133845
14.95 70.2312593783
15.0 70.2862025404
15.05 69.9635728573
15.1 69.546785039
15.15 69.068939535
15.2 68.559388588
15.25 68.427410486
15.3 68.430329451
15.35 68.5981982497
15.4 68.8620034878
15.45 69.2439740347
15.5 69.5036017035
15.55 69.6415772923
15.6 69.8006668055
15.65 69.84159101
15.7 69.8112131727
15.75 69.729792638
15.8 69.6272581788
15.85 69.6132942008
15.9 69.6751365735
15.95 69.7890586195
16.0 69.9400278358
16.05 70.0024265708
16.1 70.0811460128
16.15 70.1838722621
16.2 70.2495513411
16.25 70.4003152688
16.3 70.5334884617
16.35 70.6580950247
16.4 70.8805817125
16.45 71.0179835517
16.5 71.1762763578
16.55 71.3397901018
16.6 71.4054237208
16.65 71.2975299808
16.7 71.135008142
16.75 70.9426313656
16.8 70.7453581331
16.85 70.7216122597
16.9 70.6977638902
16.95 70.6544415975
17.0 70.6160157609
17.05 70.6412528022
17.1 70.7034489141
17.15 70.7863244976
17.2 70.871482003
17.25 70.8929766303
17.3 70.8286040612
17.35 70.6777316825
17.4 70.524577382
17.45 70.4035417421
17.5 70.3635963926
17.55 70.4077296971
17.6 70.3669120414
17.65 70.2939757251
17.7 70.1914057499
17.75 70.0553306379
17.8 70.0042064862
17.85 69.9534803027
17.9 69.9185304229
17.95 69.9192020424
18.0 69.7623398883
18.05 69.5876323355
18.1 69.4388089216
18.15 69.4561262429
18.2 69.6309773377
18.25 69.8706331125
18.3 70.1293957515
18.35 70.2220176554
18.4 70.3533701545
18.45 70.4438792026
18.5 70.4470911177
18.55 70.2667103214
18.6 70.04759893
18.65 69.8322521911
18.7 69.6737968815
18.75 69.6989342834
18.8 69.6795937535
18.85 69.6329532633
18.9 69.5720154843
18.95 69.6602322957
19.0 69.7929270391
19.05 69.9448921868
19.1 70.1002012823
19.15 70.1063557875
19.2 70.0481549528
19.25 69.9570445017
19.3 69.8620284407
19.35 69.7951775584
19.4 69.7942043861
19.45 69.7986584797
19.5 69.7334733291
19.55 69.6401229997
19.6 69.5927126784
19.65 69.6119158837
19.7 69.7007583333
19.75 69.7144387524
19.8 69.6696232797
19.85 69.5855834307
19.9 69.5144075942
19.95 69.5183937881
20.0 69.4827127903
20.05 69.3834254096
20.1 69.2712740165
20.15 68.7468557987
20.2 68.1041881191
20.25 67.5229711272
20.3 67.3115615804
20.35 67.6370400194
20.4 68.1414713087
20.45 68.6825073202
20.5 68.8537358866
20.55 68.8555722515
20.6 68.8072949183
20.65 68.7224128631
20.7 68.288386927
20.75 67.8054092529
20.8 67.3625425937
20.85 66.4128246641
20.9 65.7462568182
20.95 65.1734117506
21.0 64.0568653537
21.05 63.3759931309
21.1 62.7611147051
21.15 61.5804099235
21.2 60.8124031485
21.25 60.1155734698
21.3 59.4152795209
21.35 59.2787734234
21.4 59.2732706488
21.45 59.0617826973
21.5 58.796612422
21.55 58.5334806509
21.6 58.1793369189
21.65 58.0074410097
21.7 57.8926916946
21.75 57.6395936663
21.8 57.4561215514
21.85 57.2963867906
21.9 56.9909170075
21.95 56.8082165311
22.0 56.6469021023
22.05 56.3551255736
22.1 56.1985927387
22.15 56.0576393103
22.2 55.7173597928
22.25 55.4959992484
22.3 55.2851300326
22.35 55.063496311
22.4 55.0400979871
22.45 55.0282427899
22.5 54.9295155623
22.55 54.8392368926
22.6 54.7500489144
22.65 54.3915710947
22.7 54.1176882046
22.75 53.8461212622
22.8 53.6273368984
22.85 53.6849668542
22.9 53.7448739109
22.95 53.830164727
23.0 53.8637918217
23.05 53.8879996571
23.1 53.7955030978
23.15 53.6776227791
23.2 53.5586236032
23.25 53.5747035108
23.3 53.7087306019
23.35 53.8427113332
23.4 53.9763153407
23.45 53.9771350458
23.5 53.934102831
23.55 53.6643554045
23.6 53.3949847017
23.65 53.1332744637
23.7 53.1664550716
23.75 53.426397251
23.8 53.6808088994
23.85 53.9069494172
23.9 53.8808082204
23.95 53.8181259323
24.0 53.6472390808
24.05 53.4969628949
24.1 53.3666638812
24.15 53.3571196374
24.2 53.4613104883
24.25 53.5636080298
24.3 53.6412500331
24.35 53.6346783579
24.4 53.5821465522
24.45 53.4361407396
24.5 53.294813293
24.55 53.1721403761
24.6 53.1448209464
24.65 53.2128688329
24.7 53.2637802857
24.75 53.2634061081
24.8 53.2136385739
24.85 53.1871293659
24.9 53.2217109144
24.95 53.2889235635
25.0 53.2373466517
25.05 52.9966858941
25.1 52.7120708137
25.15 52.4370516813
25.2 52.3080585615
25.25 52.3448909613
25.3 52.4091873123
25.35 52.530442186
25.4 52.6244606081
25.45 52.7467549955
25.5 52.8910386379
25.55 52.9687678095
25.6 53.0514110475
25.65 53.1121921444
25.7 53.1235200351
25.75 53.1368756469
25.8 53.1476119409
25.85 53.1519344106
25.9 53.1271428829
25.95 53.0713298476
26.0 53.0132220637
26.05 52.9904751338
26.1 53.0332103631
26.15 53.104939379
26.2 53.1567207844
26.25 53.1576244099
26.3 53.1221598736
26.35 53.0998323277
26.4 53.1073409337
26.45 53.1303664655
26.5 53.1977100671
26.55 53.2799303463
26.6 53.3522620842
26.65 53.4673690897
26.7 53.5575619535
26.75 53.6197411494
26.8 53.6721182479
26.85 53.6786816773
26.9 53.6658411784
26.95 53.6689039549
27.0 53.6858009628
27.05 53.7057363723
27.1 53.6883702037
27.15 53.6485936425
27.2 53.6047849472
27.25 53.5232949139
27.3 53.4733185728
27.35 53.429849349
27.4 53.3904247736
27.45 53.3892426206
27.5 53.3938483534
27.55 53.3555725275
27.6 53.3093188129
27.65 53.2625040139
27.7 53.1397033711
27.75 53.0532949785
27.8 52.9708198263
27.85 52.8798648971
27.9 52.8639386788
27.95 52.854501769
28.0 52.8846841659
28.05 52.9270108739
28.1 52.9702947149
28.15 52.931670983
28.2 52.8504581094
28.25 52.7655807018
28.3 52.7849646873
28.35 52.8934324407
28.4 53.0068852987
28.45 53.2015178719
28.5 53.2918890519
28.55 53.3584760389
28.6 53.281913855
28.65 53.1241719558
28.7 52.9710763535
28.75 52.9501575194
28.8 53.0703725867
28.85 53.2062229104
28.9 53.4368067666
28.95 53.5518218522
29.0 53.6540618644
29.05 53.7003157937
29.1 53.6471898938
29.15 53.5286012236
29.2 53.2272180435
29.25 52.9661856898
29.3 52.7243528467
29.35 52.6951304314
29.4 52.8614775995
29.45 53.0181592163
29.5 53.1240231655
29.55 53.0827394572
29.6 53.039198482
29.65 52.998074949
29.7 52.9885695729
29.75 52.9844002314
29.8 52.9978880818
29.85 53.0186240415
