0.1 0.0
0.15 0.0
0.2 0.0
0.25 0.0
0.3 0.0
0.35 0.0
0.4 0.0
0.45 0.0
0.5 0.0
0.55 0.0
0.6 0.0
0.65 0.0
0.7 0.0
0.75 0.0
0.8 0.0
0.85 0.0
0.9 0.0
0.95 0.0
1.0 0.0
1.05 0.0
1.1 0.0
1.15 0.0
1.2 0.0
1.25 0.0
1.3 0.0
1.35 0.0
1.4 0.0
1.45 0.0
1.5 0.0
1.55 0.0
1.6 0.0
1.65 0.0
1.7 0.0
1.75 0.0
1.8 0.0
1.85 0.0
1.9 0.0
1.95 0.0
2.0 0.0
2.05 0.0
2.1 0.0
2.15 0.0
2.2 0.0
2.25 0.0
2.3 0.0
2.35 0.0
2.4 0.0
2.45 0.0
2.5 0.0
2.55 0.0
2.6 0.0
2.65 0.0
2.7 0.0
2.75 0.0
2.8 0.0
2.85 0.0
2.9 0.0
2.95 0.0
3.0 0.0
3.05 0.0
3.1 0.0
3.15 0.0
3.2 0.0
3.25 0.0
3.3 0.0
3.35 0.0
3.4 0.0
3.45 0.0
3.5 0.0
3.55 0.0
3.6 0.0
3.65 0.0
3.7 0.0
3.75 0.0
3.8 0.0
3.85 0.0
3.9 0.0
3.95 0.0
4.0 0.0
4.05 0.0
4.1 0.0
4.15 0.0
4.2 0.0
4.25 0.0
4.3 0.0
4.35 0.0
4.4 0.0
4.45 0.0
4.5 0.0
4.55 0.0
4.6 0.0
4.65 0.0
4.7 0.0
4.75 0.0
4.8 0.0
4.85 0.0
4.9 0.0
4.95 0.0
5.0 0.0
5.05 0.0
5.1 0.0
5.15 0.0
5.2 0.0
5.25 0.0
5.3 0.0
5.35 0.0
5.4 0.0
5.45 0.0
5.5 0.0
5.55 0.0
5.6 0.0
5.65 0.0
5.7 0.0
5.75 0.0
5.8 0.0
5.85 0.0
5.9 0.0
5.95 0.0
6.0 0.0
6.05 0.0
6.1 0.0
6.15 0.0
6.2 0.0
6.25 0.0
6.3 0.0
6.35 0.0
6.4 0.0
6.45 0.0
6.5 0.0
6.55 0.0
6.6 0.0
6.65 0.0
6.7 0.0
6.75 0.0
6.8 0.0
6.85 0.0
6.9 0.0
6.95 0.0
7.0 0.0
7.05 0.0
7.1 0.0
7.15 0.0
7.2 0.0
7.25 0.0
7.3 0.0
7.35 0.0
7.4 0.0
7.45 0.0
7.5 0.0
7.55 0.0
7.6 0.0
7.65 0.0
7.7 0.0
7.75 0.0
7.8 0.0
7.85 0.0
7.9 0.0
7.95 0.0
8.0 0.0
8.05 0.0
8.1 0.0
8.15 0.0
8.2 0.0
8.25 0.0
8.3 0.0
8.35 0.0
8.4 0.0
8.45 0.0
8.5 0.0
8.55 0.0
8.6 0.0
8.65 0.0
8.7 0.0
8.75 0.0
8.8 0.0
8.85 0.0
8.9 0.0
8.95 0.0
9.0 0.0
9.05 0.0
9.1 0.0
9.15 0.0
9.2 0.0
9.25 0.0
9.3 0.0
9.35 0.0
9.4 0.0
9.45 0.0
9.5 0.0
9.55 0.0
9.6 0.0
9.65 0.0
9.7 0.0
9.75 0.0
9.8 0.0
9.85 0.0
9.9 0.0
9.95 0.00196010160467
10.0 0.0120260195731
10.05 0.0219850492474
10.1 0.0318055725094
10.15 0.039330334186
10.2 0.0396362705229
10.25 0.0406085515022
10.3 0.0432927050591
10.35 0.0460350136758
10.4 0.0500373072623
10.45 0.0522799363137
10.5 0.0513644599914
10.55 0.0534928617474
10.6 0.051788682461
10.65 0.0528825578687
10.7 0.0553719282148
10.75 0.0538896770478
10.8 0.0547297811507
10.85 0.0527878632544
10.9 0.0516350398063
10.95 0.0516470446583
11.0 0.050416205406
11.05 0.0501906814575
11.1 0.0499398317337
11.15 0.0495649108887
11.2 0.0500364532469
11.25 0.0508741335866
11.3 0.0502484650611
11.35 0.0500934586525
11.4 0.0494679012297
11.45 0.0491171722412
11.5 0.0492591013908
11.55 0.048729188919
11.6 0.0488015217781
11.65 0.0486736297605
11.7 0.0488772311208
11.75 0.0494111318588
11.8 0.0492944169044
11.85 0.0488938364983
11.9 0.0488867754936
11.95 0.0486747827527
12.0 0.0488420853614
12.05 0.0489722809791
12.1 0.0485952825544
12.15 0.048663763523
12.2 0.0487036585805
12.25 0.0482664971349
12.3 0.0480988359451
12.35 0.0477507781982
12.4 0.0475291185378
12.45 0.0478367772102
12.5 0.0479016594885
12.55 0.0478875665665
12.6 0.0478748002052
12.65 0.0479032492636
12.7 0.0479661331175
12.75 0.0482060146329
12.8 0.0481226563454
12.85 0.0479213972092
12.9 0.0478884711265
12.95 0.0478314633369
13.0 0.0478248381613
13.05 0.0480827221868
13.1 0.048285692215
13.15 0.0484066257475
13.2 0.0486495032309
13.25 0.0486733250617
13.3 0.0486647105214
13.35 0.0485894351004
13.4 0.0484877557753
13.45 0.0483753609655
13.5 0.0482957320213
13.55 0.0482738909721
13.6 0.0480879697799
13.65 0.0479124107361
13.7 0.0479481210705
13.75 0.0478027548787
13.8 0.0477651081085
13.85 0.0477554311752
13.9 0.0476902399064
13.95 0.0480146646499
14.0 0.0482036566731
14.05 0.0483557891843
14.1 0.0484249739644
14.15 0.0480712857246
14.2 0.0479937176704
14.25 0.0481655540466
14.3 0.0481930308341
14.35 0.0483979406354
14.4 0.0482659831044
14.45 0.0480223469733
14.5 0.0477945713997
14.55 0.0477870411872
14.6 0.0480495986938
14.65 0.0481852025985
14.7 0.048403279781
14.75 0.0482981762885
14.8 0.048105787754
14.85 0.0480586557387
14.9 0.0478425898552
14.95 0.0479144363402
15.0 0.0495631470682
15.05 0.0520632271768
15.1 0.0524602212905
15.15 0.0517564549444
15.2 0.0493670611377
15.25 0.0465195827479
15.3 0.045790171623
15.35 0.046482272625
15.4 0.0473431468006
15.45 0.0475304589274
15.5 0.0480599317551
15.55 0.0480348486897
15.6 0.0481878352166
15.65 0.0481020851131
15.7 0.0480386090276
15.75 0.0479980292322
15.8 0.0476511244773
15.85 0.0479963159561
15.9 0.047956477642
15.95 0.0479651184076
16.0 0.0481085195536
16.05 0.0480330386159
16.1 0.0481277999875
16.15 0.0480978503227
16.2 0.0481822028159
16.25 0.0481108355519
16.3 0.0479635491369
16.35 0.0481297307009
16.4 0.0480820865631
16.45 0.0481299219132
16.5 0.0482902302741
16.55 0.04823692894
16.6 0.0482088336943
16.65 0.0482318458553
16.7 0.0480181503293
16.75 0.047972990513
16.8 0.0480634207723
16.85 0.0479968819619
16.9 0.0481070837974
16.95 0.0478953895565
17.0 0.0476960158348
17.05 0.0477773523331
17.1 0.0476610651015
17.15 0.0478905754091
17.2 0.0479187822341
17.25 0.0478205599783
17.3 0.0480298786163
17.35 0.047883318424
17.4 0.0477086911201
17.45 0.0477981882091
17.5 0.04777082777
17.55 0.0478564443588
17.6 0.0480174360273
17.65 0.0479869036676
17.7 0.0480631961822
17.75 0.048188134193
17.8 0.0483418126108
17.85 0.0483974375725
17.9 0.0483023076057
17.95 0.0484001965523
18.0 0.0483747291558
18.05 0.0482281126974
18.1 0.0482398838997
18.15 0.0480308647154
18.2 0.0478800287247
18.25 0.0479227075571
18.3 0.0479871969222
18.35 0.0479859976769
18.4 0.0479188852309
18.45 0.0480651879311
18.5 0.0480119957918
18.55 0.0480015668863
18.6 0.0481576390262
18.65 0.0479892892837
18.7 0.047779686451
18.75 0.0476898880006
18.8 0.0476632614136
18.85 0.0476400523182
18.9 0.0477369337079
18.95 0.0477716088295
19.0 0.0477957692144
19.05 0.047878912449
19.1 0.0479466114046
19.15 0.048003460884
19.2 0.0480498209001
19.25 0.0478524460789
19.3 0.0478657441136
19.35 0.0478816552162
19.4 0.0479052906035
19.45 0.048096579075
19.5 0.048082066536
19.55 0.0481064805981
19.6 0.0481248550413
19.65 0.0481845045085
19.7 0.0482484021185
19.75 0.0481565136911
19.8 0.0480870156288
19.85 0.047881518841
19.9 0.047796385288
19.95 0.0478390860554
20.0 0.0492350349427
20.05 0.05221905756
20.1 0.0531941432948
20.15 0.0527281064983
20.2 0.0499642925254
20.25 0.0473917584409
20.3 0.0462620339393
20.35 0.0462048277854
20.4 0.0478089265816
20.45 0.0476873445509
20.5 0.0470384593014
20.55 0.0467177262303
20.6 0.0473622541423
20.65 0.0476317777647
20.7 0.0480896663663
20.75 0.0493582177157
20.8 0.0498529000279
20.85 0.0487780151365
20.9 0.0483606939307
20.95 0.0477362256041
21.0 0.0454870929732
21.05 0.0444149565685
21.1 0.0443920350072
21.15 0.0440516905787
21.2 0.0431734647745
21.25 0.0439779453273
21.3 0.0443257269862
21.35 0.0440172505381
21.4 0.0453589944835
21.45 0.0456837253573
21.5 0.0454932832716
21.55 0.0456465864184
21.6 0.0455520515438
21.65 0.0459059519759
21.7 0.0461842284203
21.75 0.0465236649509
21.8 0.0466924533843
21.85 0.0462761111264
21.9 0.0461517915722
21.95 0.0458187761305
22.0 0.0456559691429
22.05 0.0460521626473
22.1 0.0458638997079
22.15 0.0458927598
22.2 0.0462543945309
22.25 0.046287386417
22.3 0.0468608613014
22.35 0.0473914895056
22.4 0.0472186813355
22.45 0.0473347635263
22.5 0.0471036357872
22.55 0.0463995919229
22.6 0.0460425567625
22.65 0.045434451103
22.7 0.0452067160602
22.75 0.0455561590191
22.8 0.0454214134216
22.85 0.0452247204782
22.9 0.0455492796896
22.95 0.0456270809169
23.0 0.0458684606556
23.05 0.0460376310347
23.1 0.0453938841822
23.15 0.0450472302433
23.2 0.0450474324219
23.25 0.0451962866789
23.3 0.0451306347843
23.35 0.0453784341813
23.4 0.045492566586
23.45 0.0454789533607
23.5 0.0455567865379
23.55 0.0454404926298
23.6 0.045380892276
23.65 0.045571180344
23.7 0.045815694809
23.75 0.0458701705938
23.8 0.0459680924417
23.85 0.0462617540354
23.9 0.0466353883737
23.95 0.046190088272
24.0 0.0457811527248
24.05 0.0450760855677
24.1 0.0446328911776
24.15 0.0451117062562
24.2 0.0454311761866
24.25 0.0456079387661
24.3 0.0458530211452
24.35 0.0463547434812
24.4 0.0463186187736
24.45 0.0461760725981
24.5 0.0462617349625
24.55 0.0460975990291
24.6 0.0461205749512
24.65 0.0464133572565
24.7 0.0462386035917
24.75 0.0454814629557
24.8 0.0451085443492
24.85 0.0448383722307
24.9 0.0448676280978
24.95 0.0455229573251
25.0 0.0471303658501
25.05 0.0497706613547
25.1 0.0496290483473
25.15 0.0489125938403
25.2 0.047282331942
25.25 0.0443488950728
25.3 0.0439882841107
25.35 0.0440872120862
25.4 0.044587538243
25.45 0.0448121714587
25.5 0.0453019509316
25.55 0.0461760282528
25.6 0.0459022126192
25.65 0.0464937100416
25.7 0.0467686996455
25.75 0.0458494238845
25.8 0.0457260508534
25.85 0.045617444514
25.9 0.0453172435767
25.95 0.0454005250926
26.0 0.0456843757625
26.05 0.0456022415168
26.1 0.0453492193217
26.15 0.0454903941149
26.2 0.0457051601414
26.25 0.045696726799
26.3 0.0459418835637
26.35 0.0466014289862
26.4 0.0464889640815
26.45 0.046809264183
26.5 0.0471596508022
26.55 0.0468539018629
26.6 0.0465469994532
26.65 0.0459307966232
26.7 0.0458430852888
26.75 0.0457518243784
26.8 0.0460457739839
26.85 0.0463308405863
26.9 0.0458736386304
26.95 0.0457509717945
27.0 0.0456682128892
27.05 0.0457468018543
27.1 0.0458514986038
27.15 0.0463686904904
27.2 0.046349534512
27.25 0.0464643645287
27.3 0.0466500754346
27.35 0.0461649270057
27.4 0.0463085479733
27.45 0.0461223616588
27.5 0.0461796917922
27.55 0.046596963405
27.6 0.0464066677096
27.65 0.0464046630869
27.7 0.046599966048
27.75 0.0464436125758
27.8 0.0466208176617
27.85 0.0466336441025
27.9 0.0463297858242
27.95 0.0457410297392
28.0 0.0453522028906
28.05 0.0451154923444
28.1 0.0446614451417
28.15 0.0451111593242
28.2 0.0454956564912
28.25 0.0455146861085
28.3 0.0454694190015
28.35 0.0452780585286
28.4 0.0452147440906
28.45 0.0452192759506
28.5 0.0460814523704
28.55 0.0462234687805
28.6 0.0460633845335
28.65 0.0461704988475
28.7 0.0459758377065
28.75 0.0454965367324
28.8 0.0452950992569
28.85 0.0453781356811
28.9 0.0451858139048
28.95 0.045679764747
29.0 0.0458615341196
29.05 0.0460545935621
29.1 0.0464505696282
29.15 0.0462447943693
29.2 0.0460506014814
29.25 0.045563054562
29.3 0.0452131490714
29.35 0.0452922630308
29.4 0.0457731180197
29.45 0.0460095715531
29.5 0.0459720582957
29.55 0.0463017969124
29.6 0.0463154306413
29.65 0.0462633295049
29.7 0.0460587639812
29.75 0.0460128755571
29.8 0.0460026497834
29.85 0.0463174757967
