0.1 0.0
0.125 0.0
0.15 0.0
0.175 0.0
0.2 0.0
0.225 0.0
0.25 0.0
0.275 0.0
0.3 0.0
0.325 0.0
0.35 0.0
0.375 0.0
0.4 0.0
0.425 0.0
0.45 0.0
0.475 0.0
0.5 0.0
0.525 0.0
0.55 0.0
0.575 0.0
0.6 0.0
0.625 0.0
0.65 0.0
0.675 0.0
0.7 0.0
0.725 0.0
0.75 0.0
0.775 0.0
0.8 0.0
0.825 0.0
0.85 0.0
0.875 0.0
0.9 0.0
0.925 0.0
0.95 0.0
0.975 0.0
1.0 0.0
1.025 0.0
1.05 0.0
1.075 0.0
1.1 0.0
1.125 0.0
1.15 0.0
1.175 0.0
1.2 0.0
1.225 0.0
1.25 0.0
1.275 0.0
1.3 0.0
1.325 0.0
1.35 0.0
1.375 0.0
1.4 0.0
1.425 0.0
1.45 0.0
1.475 0.0
1.5 0.0
1.525 0.0
1.55 0.0
1.575 0.0
1.6 0.0
1.625 0.0
1.65 0.0
1.675 0.0
1.7 0.0
1.725 0.0
1.75 0.0
1.775 0.0
1.8 0.0
1.825 0.0
1.85 0.0
1.875 0.0
1.9 0.0
1.925 0.0
1.95 0.0
1.975 0.0
2.0 0.0
2.025 0.0
2.05 0.0
2.075 0.0
2.1 0.0
2.125 0.0
2.15 0.0
2.175 0.0
2.2 0.0
2.225 0.0
2.25 0.0
2.275 0.0
2.3 0.0
2.325 0.0
2.35 0.0
2.375 0.0
2.4 0.0
2.425 0.0
2.45 0.0
2.475 0.0
2.5 0.0
2.525 0.0
2.55 0.0
2.575 0.0
2.6 0.0
2.625 0.0
2.65 0.0
2.675 0.0
2.7 0.0
2.725 0.0
2.75 0.0
2.775 0.0
2.8 0.0
2.825 0.0
2.85 0.0
2.875 0.0
2.9 0.0
2.925 0.0
2.95 0.0
2.975 0.0
3.0 0.0
3.025 0.0
3.05 0.0
3.075 0.0
3.1 0.0
3.125 0.0
3.15 0.0
3.175 0.0
3.2 0.0
3.225 0.0
3.25 0.0
3.275 0.0
3.3 0.0
3.325 0.0
3.35 0.0
3.375 0.0
3.4 0.0
3.425 0.0
3.45 0.0
3.475 0.0
3.5 0.0
3.525 0.0
3.55 0.0
3.575 0.0
3.6 0.0
3.625 0.0
3.65 0.0
3.675 0.0
3.7 0.0
3.725 0.0
3.75 0.0
3.775 0.0
3.8 0.0
3.825 0.0
3.85 0.0
3.875 0.0
3.9 0.0
3.925 0.0
3.95 0.0
3.975 0.0
4.0 0.0
4.025 0.0
4.05 0.0
4.075 0.0
4.1 0.0
4.125 0.0
4.15 0.0
4.175 0.0
4.2 0.0
4.225 0.0
4.25 0.0
4.275 0.0
4.3 0.0
4.325 0.0
4.35 0.0
4.375 0.0
4.4 0.0
4.425 0.0
4.45 0.0
4.475 0.0
4.5 0.0
4.525 0.0
4.55 0.0
4.575 0.0
4.6 0.0
4.625 0.0
4.65 0.0
4.675 0.0
4.7 0.0
4.725 0.0
4.75 0.0
4.775 0.0
4.8 0.0
4.825 0.0
4.85 0.0
4.875 0.0
4.9 0.0
4.925 0.0
4.95 0.0
4.975 0.0
5.0 0.0
5.025 0.0
5.05 0.0
5.075 0.0
5.1 0.0
5.125 0.0
5.15 0.0
5.175 0.0
5.2 0.0
5.225 0.0
5.25 0.0
5.275 0.0
5.3 0.0
5.325 0.0
5.35 0.0
5.375 0.0
5.4 0.0
5.425 0.0
5.45 0.0
5.475 0.0
5.5 0.0
5.525 0.0
5.55 0.0
5.575 0.0
5.6 0.0
5.625 0.0
5.65 0.0
5.675 0.0
5.7 0.0
5.725 0.0
5.75 0.0
5.775 0.0
5.8 0.0
5.825 0.0
5.85 0.0
5.875 0.0
5.9 0.0
5.925 0.0
5.95 0.0
5.975 0.0
6.0 0.0
6.025 0.0
6.05 0.0
6.075 0.0
6.1 0.0
6.125 0.0
6.15 0.0
6.175 0.0
6.2 0.0
6.225 0.0
6.25 0.0
6.275 0.0
6.3 0.0
6.325 0.0
6.35 0.0
6.375 0.0
6.4 0.0
6.425 0.0
6.45 0.0
6.475 0.0
6.5 0.0
6.525 0.0
6.55 0.0
6.575 0.0
6.6 0.0
6.625 0.0
6.65 0.0
6.675 0.0
6.7 0.0
6.725 0.0
6.75 0.0
6.775 0.0
6.8 0.0
6.825 0.0
6.85 0.0
6.875 0.0
6.9 0.0
6.925 0.0
6.95 0.0
6.975 0.0
7.0 0.0
7.025 0.0
7.05 0.0
7.075 0.0
7.1 0.0
7.125 0.0
7.15 0.0
7.175 0.0
7.2 0.0
7.225 0.0
7.25 0.0
7.275 0.0
7.3 0.0
7.325 0.0
7.35 0.0
7.375 0.0
7.4 0.0
7.425 0.0
7.45 0.0
7.475 0.0
7.5 0.0
7.525 0.0
7.55 0.0
7.575 0.0
7.6 0.0
7.625 0.0
7.65 0.0
7.675 0.0
7.7 0.0
7.725 0.0
7.75 0.0
7.775 0.0
7.8 0.0
7.825 0.0
7.85 0.0
7.875 0.0
7.9 0.0
7.925 0.0
7.95 0.0
7.975 0.0
8.0 0.0
8.025 0.0
8.05 0.0
8.075 0.0
8.1 0.0
8.125 0.0
8.15 0.0
8.175 0.0
8.2 0.0
8.225 0.0
8.25 0.0
8.275 0.0
8.3 0.0
8.325 0.0
8.35 0.0
8.375 0.0
8.4 0.0
8.425 0.0
8.45 0.0
8.475 0.0
8.5 0.0
8.525 0.0
8.55 0.0
8.575 0.0
8.6 0.0
8.625 0.0
8.65 0.0
8.675 0.0
8.7 0.0
8.725 0.0
8.75 0.0
8.775 0.0
8.8 0.0
8.825 0.0
8.85 0.0
8.875 0.0
8.9 0.0
8.925 0.0
8.95 0.0
8.975 0.0
9.0 0.0
9.025 0.0
9.05 0.0
9.075 0.0
9.1 0.0
9.125 0.0
9.15 0.0
9.175 0.0
9.2 0.0
9.225 0.0
9.25 0.0
9.275 0.0
9.3 0.0
9.325 0.0
9.35 0.0
9.375 0.0
9.4 0.0
9.425 0.0
9.45 0.0
9.475 0.0
9.5 0.0
9.525 0.0
9.55 0.0
9.575 0.0
9.6 0.0
9.625 0.0
9.65 0.0
9.675 0.0
9.7 0.0
9.725 0.0
9.75 0.0
9.775 0.0
9.8 0.0
9.825 0.0
9.85 0.0
9.875 0.0
9.9 0.0
9.925 0.0
9.95 0.0
9.975 0.0
10.0 0.0
10.025 0.0
10.05 0.0
10.075 0.0
10.1 0.0
10.125 0.0
10.15 0.0
10.175 0.0
10.2 0.0
10.225 0.0
10.25 0.0
10.275 0.0
10.3 0.0
10.325 0.0
10.35 0.0
10.375 0.0
10.4 0.0
10.425 0.0
10.45 0.0
10.475 0.0
10.5 0.0
10.525 0.0
10.55 0.0
10.575 0.0
10.6 0.0
10.625 0.0
10.65 0.0
10.675 0.0
10.7 0.0
10.725 0.0
10.75 0.0
10.775 0.0
10.8 0.0
10.825 0.0
10.85 0.0
10.875 0.0
10.9 0.0
10.925 0.0
10.95 0.0
10.975 0.0
11.0 0.0
11.025 0.0
11.05 0.0
11.075 0.0
11.1 0.0
11.125 0.0
11.15 0.0
11.175 0.0
11.2 0.0
11.225 0.0
11.25 0.0
11.275 0.0
11.3 0.0
11.325 0.0
11.35 0.0
11.375 0.0
11.4 0.0
11.425 0.0
11.45 0.0
11.475 0.0
11.5 0.0
11.525 0.0
11.55 0.0
11.575 0.0
11.6 0.0
11.625 0.0
11.65 0.0
11.675 0.0
11.7 0.0
11.725 0.0
11.75 0.0
11.775 0.0
11.8 0.0
11.825 0.0
11.85 0.0
11.875 0.0
11.9 0.0
11.925 0.0
11.95 0.0
11.975 0.0
12.0 0.0
12.025 0.0
12.05 0.0
12.075 0.0
12.1 0.0
12.125 0.0
12.15 0.0
12.175 0.0
12.2 0.0
12.225 0.0
12.25 0.0
12.275 0.0
12.3 0.0
12.325 0.0
12.35 0.0
12.375 0.0
12.4 0.0
12.425 0.0
12.45 0.0
12.475 0.0
12.5 0.0
12.525 0.0
12.55 0.0
12.575 0.0
12.6 0.0
12.625 0.0
12.65 0.0
12.675 0.0
12.7 0.0
12.725 0.0
12.75 0.0
12.775 0.0
12.8 0.0
12.825 0.0
12.85 0.0
12.875 0.0
12.9 0.0
12.925 0.0
12.95 0.0
12.975 0.0
13.0 0.0
13.025 0.0
13.05 0.0
13.075 0.0
13.1 0.0
13.125 0.0
13.15 0.0
13.175 0.0
13.2 0.0
13.225 0.0
13.25 0.0
13.275 0.0
13.3 0.0
13.325 0.0
13.35 0.0
13.375 0.0
13.4 0.0
13.425 0.0
13.45 0.0
13.475 0.0
13.5 0.0
13.525 0.0
13.55 0.0
13.575 0.0
13.6 0.0
13.625 0.0
13.65 0.0
13.675 0.0
13.7 0.0
13.725 0.0
13.75 0.0
13.775 0.0
13.8 0.0
13.825 0.0
13.85 0.0
13.875 0.0
13.9 0.0
13.925 0.0
13.95 0.0
13.975 0.0
14.0 0.0
14.025 0.0
14.05 0.0
14.075 0.0
14.1 0.0
14.125 0.0
14.15 0.0
14.175 0.0
14.2 0.0
14.225 0.0
14.25 0.0
14.275 0.0
14.3 0.0
14.325 0.0
14.35 0.0
14.375 0.0
14.4 0.0
14.425 0.0
14.45 0.0
14.475 0.0
14.5 0.0
14.525 0.0
14.55 0.0
14.575 0.0
14.6 0.0
14.625 0.0
14.65 0.0
14.675 0.0
14.7 0.0
14.725 0.0
14.75 0.0
14.775 0.0
14.8 0.0
14.825 0.0
14.85 0.0
14.875 0.0
14.9 0.0
14.925 0.0
14.95 0.0
14.975 0.0
15.0 0.0
15.025 0.0
15.05 0.0
15.075 0.0
15.1 0.0
15.125 0.0
15.15 0.0
15.175 0.0
15.2 0.0
15.225 0.0
15.25 0.0
15.275 0.0
15.3 0.0
15.325 0.0
15.35 0.0
15.375 0.0
15.4 0.0
15.425 0.0
15.45 0.0
15.475 0.0
15.5 0.0
15.525 0.0
15.55 0.0
15.575 0.0
15.6 0.0
15.625 0.0
15.65 0.0
15.675 0.0
15.7 0.0
15.725 0.0
15.75 0.0
15.775 0.0
15.8 0.0
15.825 0.0
15.85 0.0
15.875 0.0
15.9 0.0
15.925 0.0
15.95 0.0
15.975 0.0
16.0 0.0
16.025 0.0
16.05 0.0
16.075 0.0
16.1 0.0
16.125 0.0
16.15 0.0
16.175 0.0
16.2 0.0
16.225 0.0
16.25 0.0
16.275 0.0
16.3 0.0
16.325 0.0
16.35 0.0
16.375 0.0
16.4 0.0
16.425 0.0
16.45 0.0
16.475 0.0
16.5 0.0
16.525 0.0
16.55 0.0
16.575 0.0
16.6 0.0
16.625 0.0
16.65 0.0
16.675 0.0
16.7 0.0
16.725 0.0
16.75 0.0
16.775 0.0
16.8 0.0
16.825 0.0
16.85 0.0
16.875 0.0
16.9 0.0
16.925 0.0
16.95 0.0
16.975 0.0
17.0 0.0
17.025 0.0
17.05 0.0
17.075 0.0
17.1 0.0
17.125 0.0
17.15 0.0
17.175 0.0
17.2 0.0
17.225 0.0
17.25 0.0
17.275 0.0
17.3 0.0
17.325 0.0
17.35 0.0
17.375 0.0
17.4 0.0
17.425 0.0
17.45 0.0
17.475 0.0
17.5 0.0
17.525 0.0
17.55 0.0
17.575 0.0
17.6 0.0
17.625 0.0
17.65 0.0
17.675 0.0
17.7 0.0
17.725 0.0
17.75 0.0
17.775 0.0
17.8 0.0
17.825 0.0
17.85 0.0
17.875 0.0
17.9 0.0
17.925 0.0
17.95 0.0
17.975 0.0
18.0 0.0
18.025 0.0
18.05 0.0
18.075 0.0
18.1 0.0
18.125 0.0
18.15 0.0
18.175 0.0
18.2 0.0
18.225 0.0
18.25 0.0
18.275 0.0
18.3 0.0
18.325 0.0
18.35 0.0
18.375 0.0
18.4 0.0
18.425 0.0
18.45 0.0
18.475 0.0
18.5 0.0
18.525 0.0
18.55 0.0
18.575 0.0
18.6 0.0
18.625 0.0
18.65 0.0
18.675 0.0
18.7 0.0
18.725 0.0
18.75 0.0
18.775 0.0
18.8 0.0
18.825 0.0
18.85 0.0
18.875 0.0
18.9 0.0
18.925 0.0
18.95 0.0
18.975 0.0
19.0 0.0
19.025 0.0
19.05 0.0
19.075 0.0
19.1 0.0
19.125 0.0
19.15 0.0
19.175 0.0
19.2 0.0
19.225 0.0
19.25 0.0
19.275 0.0
19.3 0.0
19.325 0.0
19.35 0.0
19.375 0.0
19.4 0.0
19.425 0.0
19.45 0.0
19.475 0.0
19.5 0.0
19.525 0.0
19.55 0.0
19.575 0.0
19.6 0.0
19.625 0.0
19.65 0.0
19.675 0.0
19.7 0.0
19.725 0.0
19.75 0.0
19.775 0.0
19.8 0.0
19.825 0.0
19.85 0.0
19.875 0.0
19.9 0.0
19.925 0.0
19.95 0.009765625
19.975 0.01708984375
20.0 0.0421142578125
20.025 0.0608825683594
20.05 0.0749588012695
20.075 0.124578475952
20.1 0.161793231964
20.125 0.228766798973
20.15 0.30829384923
20.175 0.367939136922
20.2 0.549391852692
20.225 0.685481389519
20.25 0.836376667139
20.275 1.09603250035
20.3 1.29077437527
20.325 1.52472140645
20.35 1.83690042984
20.375 2.07103469738
20.4 2.30522914803
20.425 2.63712498602
20.45 2.88604686452
20.475 3.11180077339
20.5 3.44713183004
20.525 3.64980199753
20.55 3.86039837315
20.575 4.17459565486
20.6 4.31258736615
20.625 4.48444052461
20.65 4.73051789346
20.675 4.83695092009
20.7 4.98513506507
20.725 5.1841637988
20.75 5.2650759741
20.775 5.39411948058
20.8 5.54949586043
20.825 5.61720002032
20.85 5.71680626524
20.875 5.82080782393
20.9 5.84021524295
20.925 5.90359893221
20.95 5.96090232416
20.975 5.95505174312
21.0 5.97996068234
21.025 6.01817363675
21.05 6.00777085257
21.075 6.01950001442
21.1 6.04782813582
21.125 6.03001172686
21.15 6.04594629515
21.175 6.08719409636
21.2 6.09859869727
21.225 6.09738652295
21.25 6.12577426721
21.275 6.13729945041
21.3 6.12641208781
21.325 6.16707469086
21.35 6.17804039314
21.375 6.16673341986
21.4 6.18755006489
21.425 6.21292817367
21.45 6.20266488025
21.475 6.22426428519
21.5 6.25999508889
21.525 6.24773069167
21.55 6.24829801875
21.575 6.28778601406
21.6 6.29787076055
21.625 6.29566869541
21.65 6.32331402156
21.675 6.32451676617
21.7 6.32541882463
21.725 6.35539224347
21.75 6.3778723076
21.775 6.3556698557
21.8 6.34878364178
21.825 6.36315023133
21.85 6.3739251735
21.875 6.38200638012
21.9 6.39783291009
21.925 6.38040593257
21.95 6.37710132443
21.975 6.39415411832
22.0 6.39717808874
22.025 6.39944606656
22.05 6.40114704992
22.075 6.40242278744
22.1 6.40337959058
22.125 6.41386281793
22.15 6.42172523845
22.175 6.41785642884
22.2 6.44425169663
22.225 6.45428252247
22.25 6.45204001685
22.275 6.46012376264
22.3 6.46618657198
22.325 6.48049930399
22.35 6.50099947799
22.375 6.51637460849
22.4 6.48884345637
22.425 6.48772634228
22.45 6.49665413171
22.475 6.50334997378
22.5 6.50837185534
22.525 6.5121382665
22.55 6.49543182488
22.575 6.49266761866
22.6 6.51012571399
22.625 6.50368803549
22.65 6.49885977662
22.675 6.51476983247
22.7 6.51693674935
22.725 6.51856193701
22.75 6.51978082776
22.775 6.53046062082
22.8 6.53847046561
22.825 6.55424347421
22.85 6.55630760566
22.875 6.54809007924
22.9 6.54192693443
22.925 6.54707020082
22.95 6.56069327562
22.975 6.57091058171
23.0 6.55904231129
23.025 6.56967235846
23.05 6.57764489385
23.075 6.58362429539
23.1 6.58810884654
23.125 6.5817066349
23.15 6.57690497618
23.175 6.57330373213
23.2 6.5901340491
23.225 6.57345991183
23.25 6.56095430887
23.275 6.55157510665
23.3 6.56407195499
23.325 6.56367896624
23.35 6.56338422468
23.375 6.55339754351
23.4 6.54590753263
23.425 6.55005564947
23.45 6.56293236211
23.475 6.55305864658
23.5 6.53588773493
23.525 6.5523064262
23.55 6.56462044465
23.575 6.56409033349
23.6 6.56369275012
23.625 6.56339456259
23.65 6.57293654694
23.675 6.59962428521
23.7 6.6001088389
23.725 6.59070662918
23.75 6.59342059688
23.775 6.60522169766
23.8 6.60430689825
23.825 6.61338642369
23.85 6.61043044276
23.875 6.58868220707
23.9 6.6114335303
23.925 6.60896577273
23.95 6.58758370455
23.975 6.58131277841
24.0 6.58637520881
24.025 6.59017203161
24.05 6.5832540237
24.075 6.57806551778
24.1 6.55464288833
24.125 6.55660716625
24.15 6.57761162469
24.175 6.57383371852
24.2 6.56123466389
24.225 6.55178537292
24.25 6.56422965469
24.275 6.56379724101
24.3 6.57323855576
24.325 6.58031954182
24.35 6.56609903137
24.375 6.57496489852
24.4 6.59137992389
24.425 6.58415994292
24.45 6.58851058219
24.475 6.61130481164
24.5 6.60886923373
24.525 6.5972769253
24.55 6.58858269397
24.575 6.58206202048
24.6 6.58693714036
24.625 6.60035910527
24.65 6.59089432895
24.675 6.58379574671
24.7 6.57847181004
24.725 6.58424448253
24.75 6.5788083619
24.775 6.57473127142
24.8 6.56190782857
24.825 6.56205587142
24.85 6.55240127857
24.875 6.55492595893
24.9 6.54705384419
24.925 6.54114975815
24.95 6.55625294361
24.975 6.50898658271
25.0 6.43447431203
25.025 6.34929323402
25.05 6.25611055052
25.075 6.18622353789
25.1 6.15333952842
25.125 6.12867652131
25.15 6.09064801598
25.175 6.12072038699
25.2 6.17257154024
25.225 6.24075678018
25.25 6.33095821014
25.275 6.3693124076
25.3 6.3980780557
25.325 6.42941791678
25.35 6.46268843758
25.375 6.46811007819
25.4 6.50147318364
25.425 6.51672988773
25.45 6.5281724158
25.475 6.56605118685
25.5 6.57492901514
25.525 6.57182176135
25.55 6.57925694601
25.575 6.60436458451
25.6 6.60366406338
25.625 6.59337304754
25.65 6.59542041065
25.675 6.59695593299
25.7 6.60787319974
25.725 6.59652989981
25.75 6.58802242486
25.775 6.57187619364
25.8 6.57929777023
25.825 6.58486395267
25.85 6.5792729645
25.875 6.55554847338
25.9 6.56705198003
25.925 6.56591398503
25.95 6.56506048877
25.975 6.58395161658
26.0 6.56882308743
26.025 6.57700794057
26.05 6.57338095543
26.075 6.58042634157
26.1 6.56617913118
26.125 6.58479059838
26.15 6.59874919879
26.175 6.58968689909
26.2 6.58289017432
26.225 6.57779263074
26.25 6.58373509805
26.275 6.57842632354
26.3 6.57444474266
26.325 6.57145855699
26.35 6.55945329274
26.375 6.56021496956
26.4 6.56078622717
26.425 6.56121467038
26.45 6.55177037778
26.475 6.56421840834
26.5 6.57355443125
26.525 6.57079082344
26.55 6.57848374258
26.575 6.57448780693
26.6 6.5812564802
26.625 6.57656736015
26.65 6.58281614511
26.675 6.57773710883
26.7 6.58369345663
26.725 6.57839509247
26.75 6.57442131935
26.775 6.57144098951
26.8 6.56920574214
26.825 6.5675293066
26.85 6.57603760495
26.875 6.57265320371
26.9 6.56034927779
26.925 6.57065258334
26.95 6.5686144375
26.975 6.56708582813
27.0 6.5561737461
27.025 6.55775530957
27.05 6.55894148218
27.075 6.56959673663
27.1 6.57758817748
27.125 6.56405050811
27.15 6.56366288108
27.175 6.58290341081
27.2 6.58756818311
27.225 6.59106676233
27.25 6.59369069675
27.275 6.58589302256
27.3 6.58981039192
27.325 6.59274841894
27.35 6.59495193921
27.375 6.5868389544
27.4 6.6002854658
27.425 6.59083909935
27.45 6.58375432451
27.475 6.58820636839
27.5 6.58177977629
27.525 6.59649108222
27.55 6.60752456166
27.575 6.59626842125
27.6 6.58782631594
27.625 6.59126036195
27.65 6.59383589646
27.675 6.59576754735
27.7 6.58745066051
27.725 6.58121299538
27.75 6.58630037154
27.775 6.60964715365
27.8 6.61739161524
27.825 6.62319996143
27.85 6.60802497107
27.875 6.6064093533
27.9 6.61496326498
27.925 6.62137869873
27.95 6.60665902405
27.975 6.59561926804
28.0 6.59710507603
28.025 6.60798505702
28.05 6.60637941777
28.075 6.60517518832
28.1 6.59450639124
28.125 6.58650479343
28.15 6.60003484507
28.175 6.59065113381
28.2 6.59337897535
28.225 6.58565923152
28.25 6.59940067364
28.275 6.59017550523
28.3 6.60278787892
28.325 6.60248153419
28.35 6.59248615064
28.375 6.60452086298
28.4 6.59401564724
28.425 6.57637111043
28.45 6.57290333282
28.475 6.58983374962
28.5 6.58300031221
28.525 6.58764085916
28.55 6.59112126937
28.575 6.58396595203
28.6 6.58836508902
28.625 6.61119569177
28.65 6.60878739382
28.675 6.60698117037
28.7 6.61539212778
28.725 6.60216909583
28.75 6.59225182187
28.775 6.58481386641
28.8 6.5792353998
28.825 6.56528592485
28.85 6.56458944364
28.875 6.55430145773
28.9 6.5465854683
28.925 6.55056410122
28.95 6.55354807592
28.975 6.56555168194
29.0 6.57455438645
29.025 6.58130641484
29.05 6.58637043613
29.075 6.5901684521
29.1 6.58325133907
29.125 6.5780635043
29.15 6.57417262823
29.175 6.57125447117
29.2 6.57883147838
29.225 6.58451423378
29.25 6.56924505034
29.275 6.56755878775
29.3 6.57605971582
29.325 6.59220103686
29.35 6.59454140265
29.375 6.58653105198
29.4 6.57075766399
29.425 6.56869324799
29.45 6.58667618599
29.475 6.5903977645
29.5 6.59318894837
29.525 6.58551671128
29.55 6.58952815846
29.575 6.59253674384
29.6 6.60455880788
29.625 6.60380973091
29.65 6.61301354818
29.675 6.61991641114
29.7 6.62509355835
29.725 6.61921079377
29.75 6.62456434532
29.775 6.63834513399
29.8 6.62914947549
29.825 6.62225273162
29.85 6.61708017372
29.875 6.60343513029
