0.1 0.0
0.15 0.0
0.2 0.0
0.25 0.0
0.3 0.0
0.35 0.0
0.4 0.0
0.45 0.0
0.5 0.0
0.55 0.0
0.6 0.0
0.65 0.0
0.7 0.0
0.75 0.0
0.8 0.0
0.85 0.0
0.9 0.0
0.95 0.0
1.0 0.0
1.05 0.0
1.1 0.0
1.15 0.0
1.2 0.0
1.25 0.0
1.3 0.0
1.35 0.0
1.4 0.0
1.45 0.0
1.5 0.0
1.55 0.0
1.6 0.0
1.65 0.0
1.7 0.0
1.75 0.0
1.8 0.0
1.85 0.0
1.9 0.0
1.95 0.0
2.0 0.0
2.05 0.0
2.1 0.0
2.15 0.0
2.2 0.0
2.25 0.0
2.3 0.0
2.35 0.0
2.4 0.0
2.45 0.0
2.5 0.0
2.55 0.0
2.6 0.0
2.65 0.0
2.7 0.0
2.75 0.0
2.8 0.0
2.85 0.0
2.9 0.0
2.95 0.0
3.0 0.0
3.05 0.0
3.1 0.0
3.15 0.0
3.2 0.0
3.25 0.0
3.3 0.0
3.35 0.0
3.4 0.0
3.45 0.0
3.5 0.0
3.55 0.0
3.6 0.0
3.65 0.0
3.7 0.0
3.75 0.0
3.8 0.0
3.85 0.0
3.9 0.0
3.95 0.0
4.0 0.0
4.05 0.0
4.1 0.0
4.15 0.0
4.2 0.0
4.25 0.0
4.3 0.0
4.35 0.0
4.4 0.0
4.45 0.0
4.5 0.0
4.55 0.0
4.6 0.0
4.65 0.0
4.7 0.0
4.75 0.0
4.8 0.0
4.85 0.0
4.9 0.0
4.95 0.0
5.0 0.0
5.05 0.0
5.1 0.0
5.15 0.0
5.2 0.0
5.25 0.0
5.3 0.0
5.35 0.0
5.4 0.0
5.45 0.0
5.5 0.0
5.55 0.0
5.6 0.0
5.65 0.0
5.7 0.0
5.75 0.0
5.8 0.0
5.85 0.0
5.9 0.0
5.95 0.0
6.0 0.0
6.05 0.0
6.1 0.0
6.15 0.0
6.2 0.0
6.25 0.0
6.3 0.0
6.35 0.0
6.4 0.0
6.45 0.0
6.5 0.0
6.55 0.0
6.6 0.0
6.65 0.0
6.7 0.0
6.75 0.0
6.8 0.0
6.85 0.0
6.9 0.0
6.95 0.0
7.0 0.0
7.05 0.0
7.1 0.0
7.15 0.0
7.2 0.0
7.25 0.0
7.3 0.0
7.35 0.0
7.4 0.0
7.45 0.0
7.5 0.0
7.55 0.0
7.6 0.0
7.65 0.0
7.7 0.0
7.75 0.0
7.8 0.0
7.85 0.0
7.9 0.0
7.95 0.0
8.0 0.0
8.05 0.0
8.1 0.0
8.15 0.0
8.2 0.0
8.25 0.0
8.3 0.0
8.35 0.0
8.4 0.0
8.45 0.0
8.5 0.0
8.55 0.0
8.6 0.0
8.65 0.0
8.7 0.0
8.75 0.0
8.8 0.0
8.85 0.0
8.9 0.0
8.95 0.0
9.0 0.0
9.05 0.0
9.1 0.0
9.15 0.0
9.2 0.0
9.25 0.0
9.3 0.0
9.35 0.0
9.4 0.0
9.45 0.0
9.5 0.0
9.55 0.0
9.6 0.0
9.65 0.0
9.7 0.0
9.75 0.0
9.8 0.0
9.85 0.0
9.9 0.0
9.95 0.0
10.0 0.0
10.05 0.0
10.1 0.0
10.15 0.0
10.2 0.0
10.25 0.0
10.3 0.0
10.35 0.0
10.4 0.0
10.45 0.0
10.5 0.0
10.55 0.0
10.6 0.0
10.65 0.0
10.7 0.0
10.75 0.0
10.8 0.0
10.85 0.0
10.9 0.0
10.95 0.0
11.0 0.0
11.05 0.0
11.1 0.0
11.15 0.0
11.2 0.0
11.25 0.0
11.3 0.0
11.35 0.0
11.4 0.0
11.45 0.0
11.5 0.0
11.55 0.0
11.6 0.0
11.65 0.0
11.7 0.0
11.75 0.0
11.8 0.0
11.85 0.0
11.9 0.0
11.95 0.0
12.0 0.0
12.05 0.0
12.1 0.0
12.15 0.0
12.2 0.0
12.25 0.0
12.3 0.0
12.35 0.0
12.4 0.0
12.45 0.0
12.5 0.0
12.55 0.0
12.6 0.0
12.65 0.0
12.7 0.0
12.75 0.0
12.8 0.0
12.85 0.0
12.9 0.0
12.95 0.0
13.0 0.0
13.05 0.0
13.1 0.0
13.15 0.0
13.2 0.0
13.25 0.0
13.3 0.0
13.35 0.0
13.4 0.0
13.45 0.0
13.5 0.0
13.55 0.0
13.6 0.0
13.65 0.0
13.7 0.0
13.75 0.0
13.8 0.0
13.85 0.0
13.9 0.0
13.95 0.0
14.0 0.0
14.05 0.0
14.1 0.0
14.15 0.0
14.2 0.0
14.25 0.0
14.3 0.0
14.35 0.0
14.4 0.0
14.45 0.0
14.5 0.0
14.55 0.0
14.6 0.0
14.65 0.0
14.7 0.0
14.75 0.0
14.8 0.0
14.85 0.0
14.9 0.0
14.95 0.0
15.0 0.0
15.05 0.0
15.1 0.0
15.15 0.0
15.2 0.0
15.25 0.0
15.3 0.0
15.35 0.0
15.4 0.0
15.45 0.0
15.5 0.0
15.55 0.0
15.6 0.0
15.65 0.0
15.7 0.0
15.75 0.0
15.8 0.0
15.85 0.0
15.9 0.0
15.95 0.0
16.0 0.0
16.05 0.0
16.1 0.0
16.15 0.0
16.2 0.0
16.25 0.0
16.3 0.0
16.35 0.0
16.4 0.0
16.45 0.0
16.5 0.0
16.55 0.0
16.6 0.0
16.65 0.0
16.7 0.0
16.75 0.0
16.8 0.0
16.85 0.0
16.9 0.0
16.95 0.0
17.0 0.0
17.05 0.0
17.1 0.0
17.15 0.0
17.2 0.0
17.25 0.0
17.3 0.0
17.35 0.0
17.4 0.0
17.45 0.0
17.5 0.0
17.55 0.0
17.6 0.0
17.65 0.0
17.7 0.0
17.75 0.0
17.8 0.0
17.85 0.0
17.9 0.0
17.95 0.0
18.0 0.0
18.05 0.0
18.1 0.0
18.15 0.0
18.2 0.0
18.25 0.0
18.3 0.0
18.35 0.0
18.4 0.0
18.45 0.0
18.5 0.0
18.55 0.0
18.6 0.0
18.65 0.0
18.7 0.0
18.75 0.0
18.8 0.0
18.85 0.0
18.9 0.0
18.95 0.0
19.0 0.0
19.05 0.0
19.1 0.0
19.15 0.0
19.2 0.0
19.25 0.0
19.3 0.0
19.35 0.0
19.4 0.0
19.45 0.0
19.5 0.0
19.55 0.0
19.6 0.0
19.65 0.0
19.7 0.0
19.75 0.0
19.8 0.0
19.85 0.0
19.9 0.0
19.95 0.00279492187502
20.0 0.0110657501221
20.05 0.0192688751221
20.1 0.0277350311278
20.15 0.0337617511751
20.2 0.0345881032947
20.25 0.0360440111159
20.3 0.0378218884477
20.35 0.0384284796716
20.4 0.0386058397293
20.45 0.038431285858
20.5 0.0386025037764
20.55 0.0389083404543
20.6 0.0394349002834
20.65 0.0406438808447
20.7 0.039756503582
20.75 0.0400103316302
20.8 0.0408759737017
20.85 0.0404335265166
20.9 0.0415187611575
20.95 0.0426841602331
21.0 0.0429806027419
21.05 0.0435813217155
21.1 0.0434859905245
21.15 0.0431353526116
21.2 0.0429981026643
21.25 0.0424423384667
21.3 0.0424431214329
21.35 0.0420937557214
21.4 0.0415668931008
21.45 0.0418419723511
21.5 0.0418296713831
21.55 0.0418455405232
21.6 0.042120691776
21.65 0.0419693803785
21.7 0.041767240047
21.75 0.0417800216679
21.8 0.04163763237
21.85 0.0418716077803
21.9 0.0422320938112
21.95 0.0423336062428
22.0 0.0423865551945
22.05 0.0420354838371
22.1 0.0417452316282
22.15 0.0415700736044
22.2 0.0413535432812
22.25 0.0414101934431
22.3 0.0412752642631
22.35 0.0410710005758
22.4 0.0412879281043
22.45 0.041382226944
22.5 0.0415530161853
22.55 0.0417672185895
22.6 0.0417917637825
22.65 0.0418199448583
22.7 0.0417537937165
22.75 0.0416359405517
22.8 0.041677898407
22.85 0.0417661352156
22.9 0.0419532418247
22.95 0.0419914388659
23.0 0.0417506470676
23.05 0.0416898541448
23.1 0.0417182416919
23.15 0.0418681354522
23.2 0.0419471626281
23.25 0.0418623251914
23.3 0.0418304505346
23.35 0.0419087290761
23.4 0.0419517211917
23.45 0.0419160528183
23.5 0.0417284841532
23.55 0.0416096286772
23.6 0.0414753966327
23.65 0.0414346194267
23.7 0.041609516144
23.75 0.0416139545442
23.8 0.041796034336
23.85 0.0418262948988
23.9 0.0417753419878
23.95 0.0418316245076
24.0 0.0420512585641
24.05 0.0423671112064
24.1 0.042271907806
24.15 0.0421974925993
24.2 0.0420031991001
24.25 0.0419000692366
24.3 0.0418819742199
24.35 0.0418868656162
24.4 0.041861172676
24.45 0.0417439575192
24.5 0.0417311205866
24.55 0.0415877022739
24.6 0.041608866692
24.65 0.0415211591719
24.7 0.0416638760569
24.75 0.041992763519
24.8 0.04199691534
24.85 0.042212483883
24.9 0.0421227455134
24.95 0.041964649201
25.0 0.0435031104102
25.05 0.0452039132125
25.1 0.0449387040138
25.15 0.0445700178145
25.2 0.0428161454185
25.25 0.0406961793888
25.3 0.0407369999888
25.35 0.0411769485472
25.4 0.0413088140489
25.45 0.0415027899745
25.5 0.0417270774837
25.55 0.041733839512
25.6 0.041803995609
25.65 0.041747360706
25.7 0.0419030561452
25.75 0.0418207650181
25.8 0.0417313117983
25.85 0.0418519716261
25.9 0.0416119465826
25.95 0.0415791177743
26.0 0.0415953097341
26.05 0.0415833210946
26.1 0.0417244043346
26.15 0.0418850598338
26.2 0.0419052491185
26.25 0.0419651031495
26.3 0.0417906923293
26.35 0.0416699328422
26.4 0.0415622606282
26.45 0.041248049259
26.5 0.0414898657796
26.55 0.0414913454053
26.6 0.0417914743423
26.65 0.0421654319759
26.7 0.0421590991023
26.75 0.0422147779466
26.8 0.0419216709131
26.85 0.0419943847659
26.9 0.0419792189595
26.95 0.0418840188978
27.0 0.0420524086951
27.05 0.0419602518073
27.1 0.041858634949
27.15 0.0418228211402
27.2 0.0418998765947
27.25 0.0417813053133
27.3 0.0417741703986
27.35 0.0418137321472
27.4 0.0415666275018
27.45 0.041678570747
27.5 0.0417294664384
27.55 0.0418482751845
27.6 0.0419796609877
27.65 0.0419743514067
27.7 0.0420392932888
27.75 0.0418384823797
27.8 0.0416646933554
27.85 0.0415568761816
27.9 0.04165773201
27.95 0.0417360782624
28.0 0.0420761709217
28.05 0.0424846754081
28.1 0.042289721489
28.15 0.0422528982162
28.2 0.041902096271
28.25 0.0414942216868
28.3 0.0415269179339
28.35 0.0417457957267
28.4 0.0420422000886
28.45 0.0418829665187
28.5 0.0422261753082
28.55 0.0421341037742
28.6 0.041967205048
28.65 0.0419739093772
28.7 0.0415178003305
28.75 0.0413293137553
28.8 0.0413792619701
28.85 0.041683167458
28.9 0.0418026413917
28.95 0.0419273943902
29.0 0.0419421343803
29.05 0.041641470432
29.1 0.0415291891099
29.15 0.0415693416592
29.2 0.0415606784816
29.25 0.0417252054211
29.3 0.0417332301141
29.35 0.0414612550736
29.4 0.0414357695576
29.45 0.041622097016
29.5 0.0416279945371
29.55 0.0418678827284
29.6 0.0418591384888
29.65 0.041593333244
29.7 0.0417544159885
29.75 0.0415807018277
29.8 0.0415717926026
29.85 0.0416967301368
