0.1 0.0
0.15 0.0
0.2 0.0
0.25 0.0
0.3 0.0
0.35 0.0
0.4 0.0
0.45 0.0
0.5 0.0
0.55 0.0
0.6 0.0
0.65 0.0
0.7 0.0
0.75 0.0
0.8 0.0
0.85 0.0
0.9 0.0
0.95 0.0
1.0 0.0
1.05 0.0
1.1 0.0
1.15 0.0
1.2 0.0
1.25 0.0
1.3 0.0
1.35 0.0
1.4 0.0
1.45 0.0
1.5 0.0
1.55 0.0
1.6 0.0
1.65 0.0
1.7 0.0
1.75 0.0
1.8 0.0
1.85 0.0
1.9 0.0
1.95 0.0
2.0 0.0
2.05 0.0
2.1 0.0
2.15 0.0
2.2 0.0
2.25 0.0
2.3 0.0
2.35 0.0
2.4 0.0
2.45 0.0
2.5 0.0
2.55 0.0
2.6 0.0
2.65 0.0
2.7 0.0
2.75 0.0
2.8 0.0
2.85 0.0
2.9 0.0
2.95 0.0
3.0 0.0
3.05 0.0
3.1 0.0
3.15 0.0
3.2 0.0
3.25 0.0
3.3 0.0
3.35 0.0
3.4 0.0
3.45 0.0
3.5 0.0
3.55 0.0
3.6 0.0
3.65 0.0
3.7 0.0
3.75 0.0
3.8 0.0
3.85 0.0
3.9 0.0
3.95 0.0
4.0 0.0
4.05 0.0
4.1 0.0
4.15 0.0
4.2 0.0
4.25 0.0
4.3 0.0
4.35 0.0
4.4 0.0
4.45 0.0
4.5 0.0
4.55 0.0
4.6 0.0
4.65 0.0
4.7 0.0
4.75 0.0
4.8 0.0
4.85 0.0
4.9 0.0
4.95 0.0
5.0 0.0
5.05 0.0
5.1 0.0
5.15 0.0
5.2 0.0
5.25 0.0
5.3 0.0
5.35 0.0
5.4 0.0
5.45 0.0
5.5 0.0
5.55 0.0
5.6 0.0
5.65 0.0
5.7 0.0
5.75 0.0
5.8 0.0
5.85 0.0
5.9 0.0
5.95 0.0
6.0 0.0
6.05 0.0
6.1 0.0
6.15 0.0
6.2 0.0
6.25 0.0
6.3 0.0
6.35 0.0
6.4 0.0
6.45 0.0
6.5 0.0
6.55 0.0
6.6 0.0
6.65 0.0
6.7 0.0
6.75 0.0
6.8 0.0
6.85 0.0
6.9 0.0
6.95 0.0
7.0 0.0
7.05 0.0
7.1 0.0
7.15 0.0
7.2 0.0
7.25 0.0
7.3 0.0
7.35 0.0
7.4 0.0
7.45 0.0
7.5 0.0
7.55 0.0
7.6 0.0
7.65 0.0
7.7 0.0
7.75 0.0
7.8 0.0
7.85 0.0
7.9 0.0
7.95 0.0
8.0 0.0
8.05 0.0
8.1 0.0
8.15 0.0
8.2 0.0
8.25 0.0
8.3 0.0
8.35 0.0
8.4 0.0
8.45 0.0
8.5 0.0
8.55 0.0
8.6 0.0
8.65 0.0
8.7 0.0
8.75 0.0
8.8 0.0
8.85 0.0
8.9 0.0
8.95 0.0
9.0 0.0
9.05 0.0
9.1 0.0
9.15 0.0
9.2 0.0
9.25 0.0
9.3 0.0
9.35 0.0
9.4 0.0
9.45 0.0
9.5 0.0
9.55 0.0
9.6 0.0
9.65 0.0
9.7 0.0
9.75 0.0
9.8 0.0
9.85 0.0
9.9 0.0
9.95 0.0
10.0 0.0
10.05 0.0
10.1 0.0
10.15 0.0
10.2 0.0
10.25 0.0
10.3 0.0
10.35 0.0
10.4 0.0
10.45 0.0
10.5 0.0
10.55 0.0
10.6 0.0
10.65 0.0
10.7 0.0
10.75 0.0
10.8 0.0
10.85 0.0
10.9 0.0
10.95 0.0
11.0 0.0
11.05 0.0
11.1 0.0
11.15 0.0
11.2 0.0
11.25 0.0
11.3 0.0
11.35 0.0
11.4 0.0
11.45 0.0
11.5 0.0
11.55 0.0
11.6 0.0
11.65 0.0
11.7 0.0
11.75 0.0
11.8 0.0
11.85 0.0
11.9 0.0
11.95 0.0
12.0 0.0
12.05 0.0
12.1 0.0
12.15 0.0
12.2 0.0
12.25 0.0
12.3 0.0
12.35 0.0
12.4 0.0
12.45 0.0
12.5 0.0
12.55 0.0
12.6 0.0
12.65 0.0
12.7 0.0
12.75 0.0
12.8 0.0
12.85 0.0
12.9 0.0
12.95 0.0
13.0 0.0
13.05 0.0
13.1 0.0
13.15 0.0
13.2 0.0
13.25 0.0
13.3 0.0
13.35 0.0
13.4 0.0
13.45 0.0
13.5 0.0
13.55 0.0
13.6 0.0
13.65 0.0
13.7 0.0
13.75 0.0
13.8 0.0
13.85 0.0
13.9 0.0
13.95 0.0
14.0 0.0
14.05 0.0
14.1 0.0
14.15 0.0
14.2 0.0
14.25 0.0
14.3 0.0
14.35 0.0
14.4 0.0
14.45 0.0
14.5 0.0
14.55 0.0
14.6 0.0
14.65 0.0
14.7 0.0
14.75 0.0
14.8 0.0
14.85 0.0
14.9 0.0
14.95 0.0
15.0 0.0
15.05 0.0
15.1 0.0
15.15 0.0
15.2 0.0
15.25 0.0
15.3 0.0
15.35 0.0
15.4 0.0
15.45 0.0
15.5 0.0
15.55 0.0
15.6 0.0
15.65 0.0
15.7 0.0
15.75 0.0
15.8 0.0
15.85 0.0
15.9 0.0
15.95 0.0
16.0 0.0
16.05 0.0
16.1 0.0
16.15 0.0
16.2 0.0
16.25 0.0
16.3 0.0
16.35 0.0
16.4 0.0
16.45 0.0
16.5 0.0
16.55 0.0
16.6 0.0
16.65 0.0
16.7 0.0
16.75 0.0
16.8 0.0
16.85 0.0
16.9 0.0
16.95 0.0
17.0 0.0
17.05 0.0
17.1 0.0
17.15 0.0
17.2 0.0
17.25 0.0
17.3 0.0
17.35 0.0
17.4 0.0
17.45 0.0
17.5 0.0
17.55 0.0
17.6 0.0
17.65 0.0
17.7 0.0
17.75 0.0
17.8 0.0
17.85 0.0
17.9 0.0
17.95 0.0
18.0 0.0
18.05 0.0
18.1 0.0
18.15 0.0
18.2 0.0
18.25 0.0
18.3 0.0
18.35 0.0
18.4 0.0
18.45 0.0
18.5 0.0
18.55 0.0
18.6 0.0
18.65 0.0
18.7 0.0
18.75 0.0
18.8 0.0
18.85 0.0
18.9 0.0
18.95 0.0
19.0 0.0
19.05 0.0
19.1 0.0
19.15 0.0
19.2 0.0
19.25 0.0
19.3 0.0
19.35 0.0
19.4 0.0
19.45 0.0
19.5 0.0
19.55 0.0
19.6 0.0
19.65 0.0
19.7 0.0
19.75 0.0
19.8 0.0
19.85 0.0
19.9 0.0
19.95 0.0
20.0 0.918701171879
20.05 2.40747070322
20.1 4.3588378911
20.15 7.1088378911
20.2 10.1249847422
20.25 13.7495258972
20.3 18.2356757985
20.35 23.2356630079
20.4 28.8261013289
20.45 34.273495443
20.5 39.1771397438
20.55 43.6711298734
20.6 47.2785627112
20.65 50.3882224563
20.7 53.3128300843
20.75 56.105918338
20.8 58.4292051719
20.85 60.6745723696
20.9 62.7297818604
20.95 64.0886823557
21.0 65.0827976334
21.05 65.4325682224
21.1 65.3121147034
21.15 65.2218554024
21.2 65.0136811206
21.25 64.8940562485
21.3 64.8726266037
21.35 64.7653634429
21.4 64.7992359096
21.45 65.011703169
21.5 65.2964063709
21.55 65.6509980837
21.6 65.896739033
21.65 65.8930295169
21.7 65.9176203728
21.75 65.9724339483
21.8 66.2247435617
21.85 66.6575267522
21.9 66.964445664
21.95 67.0864562318
22.0 67.0200360956
22.05 66.9721619939
22.1 66.81172108
22.15 66.5857320906
22.2 66.4624900721
22.25 66.3493425117
22.3 66.4378786739
22.35 66.7287737732
22.4 67.0036627828
22.45 67.1677110389
22.5 67.2321373511
22.55 67.2326812373
22.6 67.1859847378
22.65 67.2186523357
22.7 67.3151657694
22.75 67.4705405947
22.8 67.7053298915
22.85 67.9361871523
22.9 68.0917188725
22.95 68.1170063209
23.0 68.1202653394
23.05 68.177156746
23.1 68.2520019443
23.15 68.3390545818
23.2 68.2497952766
23.25 68.1477581758
23.3 68.067139483
23.35 68.0726137033
23.4 68.1425981934
23.45 68.1195549233
23.5 68.0270195238
23.55 67.902071752
23.6 67.8772697307
23.65 67.9599310874
23.7 68.136004283
23.75 68.3726272087
23.8 68.5249814666
23.85 68.5712224482
23.9 68.6408534355
23.95 68.6862868192
24.0 68.8243118894
24.05 68.8309826342
24.1 68.602254057
24.15 68.4544430561
24.2 68.2854112816
24.25 68.3708944682
24.3 68.5683407899
24.35 68.6161625048
24.4 68.6168029879
24.45 68.4849739048
24.5 68.3110648442
24.55 68.2080566734
24.6 68.1166292162
24.65 68.0539120923
24.7 68.1655645208
24.75 68.3312552967
24.8 68.3207128564
24.85 68.3077153881
24.9 68.194636664
24.95 68.0492340059
25.0 68.1104473719
25.05 67.3314237644
25.1 66.5678511831
25.15 65.8485906573
25.2 65.2543907517
25.25 65.7065104791
25.3 66.415720543
25.35 67.1083658312
25.4 67.7561429408
25.45 68.3024420063
25.5 68.6127550611
25.55 68.8159623878
25.6 68.8576773006
25.65 68.7930743134
25.7 68.6038894151
25.75 68.3725122205
25.8 68.0437315171
25.85 67.7923574093
25.9 67.679782221
25.95 67.8490990545
26.0 68.1535909918
26.05 68.408686892
26.1 68.6133175993
26.15 68.5969888101
26.2 68.6099057395
26.25 68.5143664077
26.3 68.3507043861
26.35 68.1021166812
26.4 67.8302696537
26.45 67.7243855502
26.5 67.7881574882
26.55 67.9862795537
26.6 68.2236832366
26.65 68.37405468
26.7 68.3996096591
26.75 68.3684050607
26.8 68.2848535494
26.85 68.2083642826
26.9 68.1887566112
26.95 68.1886448675
27.0 68.244424774
27.05 68.3400227031
27.1 68.4474680754
27.15 68.4673853106
27.2 68.4059202088
27.25 68.3959875054
27.3 68.2841085072
27.35 68.1465613642
27.4 68.2306467833
27.45 68.3290232084
27.5 68.5976973802
27.55 68.8931746944
27.6 68.9508900412
27.65 68.8122701556
27.7 68.5618415832
27.75 68.3585418392
27.8 68.2355628641
27.85 68.2567350246
27.9 68.5104536086
27.95 68.8091160012
28.0 69.0948780782
28.05 69.0528585161
28.1 68.7251526896
28.15 68.2395237145
28.2 67.8768696231
28.25 67.9450073208
28.3 68.0881187878
28.35 68.4062083968
28.4 68.6537978074
28.45 68.8674340143
28.5 69.0860174128
28.55 69.129640967
28.6 68.9815826761
28.65 68.6131499277
28.7 68.2269254066
28.75 67.996640881
28.8 67.9692609563
28.85 68.0652331107
28.9 68.1701420519
28.95 68.1844252352
29.0 68.0886990372
29.05 67.9405617812
29.1 67.9174764251
29.15 68.0246089831
29.2 68.119032923
29.25 68.2025579456
29.3 68.0874697159
29.35 68.0635830683
29.4 68.1264529154
29.45 68.2892249584
29.5 68.5754317923
29.55 68.7460899183
29.6 68.8289761636
29.65 68.8864539727
29.7 68.9143832699
29.75 68.8851129838
29.8 68.8844344294
29.85 68.8450784454
