0.1 0.0
0.15 0.0
0.2 0.0
0.25 0.0
0.3 0.0
0.35 0.0
0.4 0.0
0.45 0.0
0.5 0.003125
0.55 0.003125
0.6 0.0140625
0.65 0.0197265625
0.7 0.0515625
0.75 0.2078125
0.8 0.196875
0.85 0.33203125
0.9 0.2970703125
0.95 0.3830078125
1.0 0.56806640625
1.05 0.56015625
1.1 0.8529296875
1.15 0.6130859375
1.2 0.83955078125
1.25 0.8732421875
1.3 0.90078125
1.35 1.2669921875
1.4 1.038671875
1.45 1.3740234375
1.5 1.24072265625
1.55 1.3359375
1.6 1.5021484375
1.65 1.2203125
1.7 1.58232421875
1.75 1.360546875
1.8 1.42265625
1.85 1.36708984375
1.9 0.838378906251
1.95 0.798632812501
2.0 0.423437500001
2.05 0.30234375
2.1 0.309179687499
2.15 0.131542968748
2.2 0.120605468748
2.25 0.100976562499
2.3 0.0935546875
2.35 0.0953125000003
2.4 0.103515625
2.45 0.114843749999
2.5 0.138476562497
2.55 0.146874999997
2.6 0.144140624995
2.65 0.139453124996
2.7 0.132421874995
2.75 0.130273437493
2.8 0.132421874992
2.85 0.13359374999
2.9 0.126953124991
2.95 0.130664062489
3.0 0.130664062488
3.05 0.131640624986
3.1 0.133593749986
3.15 0.150195312488
3.2 0.150781249989
3.25 0.149414062491
3.3 0.14707031249
3.35 0.126171874989
3.4 0.129882812483
3.45 0.12871093748
3.5 0.131054687478
3.55 0.133007812472
3.6 0.127734374976
3.65 0.133398437474
3.7 0.131640624972
3.75 0.129296874975
3.8 0.132421874969
3.85 0.128710937469
3.9 0.133593749968
3.95 0.136328124977
4.0 0.134179687485
4.05 0.138867187486
4.1 0.135742187488
4.15 0.127734374979
4.2 0.116992187488
4.25 0.105859374994
4.3 0.100585937496
4.35 0.100195312505
4.4 0.100195312501
4.45 0.0968750000019
4.5 0.110156250005
4.55 0.106835937501
4.6 0.105468749998
4.65 0.108398437498
4.7 0.092578124997
4.75 0.0933593749975
4.8 0.0958984375001
4.85 0.0941406250005
4.9 0.0941406250003
4.95 0.283398437497
5.0 0.387255859379
5.05 0.470263671862
5.1 3.10439453125
5.15 3.14936523437
5.2 3.92568359375
5.25 4.36542968751
5.3 2.1244140625
5.35 2.23940429689
5.4 1.68173828124
5.45 1.34829101564
5.5 1.13281250001
5.55 0.867285156257
5.6 0.628222656259
5.65 0.50009765625
5.7 0.341796875
5.75 0.295166015625
5.8 0.271777343751
5.85 0.274853515622
5.9 0.315136718746
5.95 0.345751953124
6.0 0.328222656246
6.05 0.294726562502
6.1 0.256445312503
6.15 0.236230468749
6.2 0.246240234364
6.25 0.261035156247
6.3 0.266748046865
6.35 0.283837890614
6.4 0.260107421874
6.45 0.268701171872
6.5 0.281445312502
6.55 0.254101562505
6.6 0.234130859382
6.65 0.206347656249
6.7 0.187109375001
6.75 0.183251953117
6.8 0.220751953125
6.85 0.2251953125
6.9 0.275390624998
6.95 0.279980468754
7.0 0.267480468735
7.05 0.256054687485
7.1 0.230566406242
7.15 0.255566406244
7.2 0.26450195313
7.25 0.250195312506
7.3 0.25537109375
7.35 0.262353515617
7.4 0.246386718749
7.45 0.290478515616
7.5 0.285839843748
7.55 0.262792968756
7.6 0.283300781249
7.65 0.263037109383
7.7 0.275732421876
7.75 0.282324218752
7.8 0.253271484377
7.85 0.252734374983
7.9 0.232470703127
7.95 0.213916015627
8.0 0.26064453125
8.05 0.250781250001
8.1 0.274609374997
8.15 0.283496093748
8.2 0.240087890633
8.25 0.252587890651
8.3 0.234521484385
8.35 0.237597656259
8.4 0.252929687497
8.45 0.211816406246
8.5 0.173095703124
8.55 0.123388671875
8.6 0.0834472656287
8.65 0.0977539062562
8.7 0.0880859375056
8.75 0.0965820312571
8.8 0.0906738281287
8.85 0.0895507812562
8.9 0.097753906256
8.95 0.0879882812558
9.0 0.102685546885
9.05 0.088281250006
9.1 0.0895507812562
9.15 0.0941894531319
9.2 0.0879882812558
9.25 0.105078125008
9.3 0.088281250006
9.35 0.092382812505
9.4 0.0929199218808
9.45 0.0878906250059
9.5 0.102050781261
9.55 0.0889160156311
9.6 0.10527343751
9.65 0.102587890628
9.7 0.152734374999
9.75 0.213623046885
9.8 0.201220703133
9.85 0.222265625017
9.9 0.176562500021
9.95 0.163037109433
10.0 0.51752929689
10.05 1.33041992187
10.1 2.53959960939
10.15 2.59628906244
10.2 2.28364257811
10.25 1.45156249999
10.3 0.307763671851
10.35 0.220800781249
10.4 0.175097656248
10.45 0.193945312497
10.5 0.121484374993
10.55 0.114257812494
10.6 0.114453124994
10.65 0.0962890624957
10.7 0.0945312499964
10.75 0.0939453124973
10.8 0.095898437499
10.85 0.0976562499998
10.9 0.1015625
10.95 0.120898437499
11.0 0.116601562496
11.05 0.115624999994
11.1 0.112109374994
11.15 0.0951171874945
11.2 0.097851562497
11.25 0.0953124999968
11.3 0.0951171874967
11.35 0.0935546874958
11.4 0.0931640624949
11.45 0.0968749999956
11.5 0.0970703124955
11.55 0.0970703124956
11.6 0.116259765635
11.65 0.112890624995
11.7 0.117382812496
11.75 0.118164062497
11.8 0.0989746093566
11.85 0.102148437497
11.9 0.101171874996
11.95 0.101171874995
12.0 0.103124999995
12.05 0.103124999995
12.1 0.103124999995
12.15 0.103124999995
12.2 0.102929687496
12.25 0.102929687495
12.3 0.119726562496
12.35 0.119531249995
12.4 0.116210937494
12.45 0.112499999994
12.5 0.0933593749942
12.55 0.0917968749951
12.6 0.0916015624955
12.65 0.0962890624961
12.7 0.0970703124955
12.75 0.0970703124957
12.8 0.0978515624956
12.85 0.0931640624951
12.9 0.0931640624951
12.95 0.0951171874952
13.0 0.0962890624952
13.05 0.117773437496
13.1 0.115234374996
13.15 0.114648437496
13.2 0.116406249997
13.25 0.0986328124962
13.3 0.102734374996
13.35 0.103124999996
13.4 0.103124999995
13.45 0.103124999995
13.5 0.102929687496
13.55 0.102929687495
13.6 0.102929687496
13.65 0.102734374996
13.7 0.120703124997
13.75 0.116601562495
13.8 0.115624999994
13.85 0.116015624994
13.9 0.0949218749934
13.95 0.0980468749954
14.0 0.0955078124959
14.05 0.0916015624955
14.1 0.094140624995
14.15 0.0931640624949
14.2 0.117578124996
14.25 0.116406249995
14.3 0.116406249996
14.35 0.115429687495
14.4 0.0914062499948
14.45 0.092578124995
14.5 0.092382812495
14.55 0.0917968749948
14.6 0.0951171874953
14.65 0.0972656249951
14.7 0.0962890624953
14.75 0.116015624995
14.8 0.112695312495
14.85 0.113281249995
14.9 0.114062499995
14.95 0.26704101601
15.0 0.431298828
15.05 0.512841796635
15.1 3.12885742146
15.15 3.11020507742
15.2 3.55922851534
15.25 3.59746093734
15.3 1.02851562506
15.35 0.903173828053
15.4 0.320849609426
15.45 0.219140625012
15.5 0.197021484346
15.55 0.180468750002
15.6 0.183886718719
15.65 0.198486328123
15.7 0.219238281247
15.75 0.257617187497
15.8 0.241210937501
15.85 0.205566406255
15.9 0.155224609381
15.95 0.105761718758
16.0 0.0894042968827
16.05 0.0880859375056
16.1 0.0954101562948
16.15 0.0936523437555
16.2 0.106591796882
16.25 0.101513671882
16.3 0.124511718759
16.35 0.170312500005
16.4 0.156689453128
16.45 0.169824218754
16.5 0.143994140589
16.55 0.0974121093817
16.6 0.0936035156314
16.65 0.0894042968812
16.7 0.0886718750502
16.75 0.0927246094258
16.8 0.0979980468825
16.85 0.0936035156313
16.9 0.0934082030871
16.95 0.0930175780877
17.0 0.0886718750063
17.05 0.0949218750067
17.1 0.0942382812564
17.15 0.0935058593812
17.2 0.0972656250072
17.25 0.0917480468821
17.3 0.0895019531314
17.35 0.0973632813056
17.4 0.106738281259
17.45 0.162841796886
17.5 0.21542968751
17.55 0.217089843708
17.6 0.210156250006
17.65 0.144091796877
17.7 0.0708984375027
17.75 0.0376464843785
17.8 0.0107421875
17.85 0.0
17.9 0.0
17.95 0.0
18.0 0.0
18.05 0.0
18.1 0.0
18.15 0.0
18.2 0.0
18.25 0.0
18.3 0.0
18.35 0.0
18.4 0.0
18.45 0.0
18.5 0.0
18.55 0.0
18.6 0.0
18.65 0.0
18.7 0.0
18.75 0.0
18.8 0.0
18.85 0.0
18.9 0.0
18.95 0.0
19.0 0.0
19.05 0.0
19.1 0.0
19.15 0.0
19.2 0.0
19.25 0.0
19.3 0.0
19.35 0.0
19.4 0.0
19.45 0.0
19.5 0.0
19.55 0.0
19.6 0.0
19.65 0.0
19.7 0.0
19.75 0.0
19.8 0.0
19.85 0.0
19.9 0.0
19.95 0.0
20.0 0.0
20.05 0.0
20.1 0.0
20.15 0.0
20.2 0.0
20.25 0.0
20.3 0.0
20.35 0.0
20.4 0.0
20.45 0.0
20.5 0.0
20.55 0.0
20.6 0.0
20.65 0.0
20.7 0.0
20.75 0.0
20.8 0.0
20.85 0.0
20.9 0.0
20.95 0.0
21.0 0.0
21.05 0.0
21.1 0.0
21.15 0.0
21.2 0.0
21.25 0.0
21.3 0.0
21.35 0.0
21.4 0.0
21.45 0.0
21.5 0.0
21.55 0.0
21.6 0.0
21.65 0.0
21.7 0.0
21.75 0.0
21.8 0.0
21.85 0.0
21.9 0.0
21.95 0.0
22.0 0.0
22.05 0.0
22.1 0.0
22.15 0.0
22.2 0.0
22.25 0.0
22.3 0.0
22.35 0.0
22.4 0.0
22.45 0.0
22.5 0.0
22.55 0.0
22.6 0.0
22.65 0.0
22.7 0.0
22.75 0.0
22.8 0.0
22.85 0.0
22.9 0.0
22.95 0.0
23.0 0.0
23.05 0.0
23.1 0.0
23.15 0.0
23.2 0.0
23.25 0.0
23.3 0.0
23.35 0.0
23.4 0.0
23.45 0.0
23.5 0.0
23.55 0.0
23.6 0.0
23.65 0.0
23.7 0.0
23.75 0.0
23.8 0.0
23.85 0.0
23.9 0.0
23.95 0.0
24.0 0.0
24.05 0.0
24.1 0.0
24.15 0.0
24.2 0.0
24.25 0.0
24.3 0.0
24.35 0.0
24.4 0.0
24.45 0.0
24.5 0.0
24.55 0.0
24.6 0.0
24.65 0.0
24.7 0.0
24.75 0.0
24.8 0.0
24.85 0.0
24.9 0.0
