0.1 0.003125
0.15 0.0
0.2 0.0
0.25 0.0
0.3 0.0
0.35 0.0
0.4 0.0
0.45 0.0
0.5 0.0
0.55 0.0
0.6 0.0
0.65 0.0
0.7 0.0
0.75 0.0
0.8 0.0
0.85 0.00028076171875
0.9 0.00028076171875
0.95 0.00028076171875
1.0 0.00725708007813
1.05 0.0121337890625
1.1 0.028076171875
1.15 0.0284362792969
1.2 0.0407531738281
1.25 0.0449096679688
1.3 0.043701171875
1.35 0.0655456542969
1.4 0.0557617187501
1.45 0.0747802734376
1.5 0.0693359375001
1.55 0.0705200195314
1.6 0.0803100585939
1.65 0.0640625000001
1.7 0.0867797851564
1.75 0.0764465332033
1.8 0.0802490234378
1.85 0.0783325195316
1.9 0.0503479003911
1.95 0.048950195313
2.0 0.0312377929691
2.05 0.0269531250001
2.1 0.027679443359
2.15 0.020916748046
2.2 0.0201904296863
2.25 0.0192260742175
2.3 0.0191162109365
2.35 0.0193359374992
2.4 0.0195312499993
2.45 0.0195068359366
2.5 0.0204589843739
2.55 0.0199584960923
2.6 0.0198486328108
2.65 0.0195068359355
2.7 0.0186767578101
2.75 0.018835449216
2.8 0.0187744140592
2.85 0.0188842773401
2.9 0.0187622070273
2.95 0.0186401367143
3.0 0.0187011718701
3.05 0.0187133789009
3.1 0.0187255859318
3.15 0.0191772460877
3.2 0.019128417963
3.25 0.0190063476512
3.3 0.0189086914015
3.35 0.0184204101521
3.4 0.0183837890576
3.45 0.0185424804628
3.5 0.0186279296809
3.55 0.018701171867
3.6 0.0188232421793
3.65 0.0187255859287
3.7 0.0187622070218
3.75 0.0187011718656
3.8 0.0186157226459
3.85 0.0187866210835
3.9 0.0187255859265
3.95 0.0188232421775
4.0 0.0189208984291
4.05 0.0187622070235
4.1 0.0186645507751
4.15 0.0184570312434
4.2 0.0184082031195
4.25 0.018505859371
4.3 0.0185791015597
4.35 0.0185791015614
4.4 0.0186035156238
4.45 0.0185424804674
4.5 0.0194824218737
4.55 0.0197998046863
4.6 0.0197143554675
4.65 0.0200561523429
4.7 0.0192382812492
4.75 0.0192626953115
4.8 0.0192260742179
4.85 0.0190185546867
4.9 0.0190673828117
4.95 0.0322631836002
5.0 0.0326965332104
5.05 0.0330841064523
5.1 0.154718017585
5.15 0.1490234375
5.2 0.188851928711
5.25 0.2111328125
5.3 0.107446289062
5.35 0.114505004883
5.4 0.086474609374
5.45 0.0692291259762
5.5 0.0564758300783
5.55 0.0418884277345
5.6 0.0305358886719
5.65 0.023706054687
5.7 0.0167297363276
5.75 0.0154113769526
5.8 0.0139862060542
5.85 0.0149047851558
5.9 0.0167388916007
5.95 0.0178039550773
6.0 0.0174835205064
6.05 0.0168060302719
6.1 0.0160430908193
6.15 0.0158050537098
6.2 0.0153350830069
6.25 0.0165496826161
6.3 0.0155914306628
6.35 0.0161499023424
6.4 0.0169281005836
6.45 0.0161804199206
6.5 0.0172210693345
6.55 0.0164031982404
6.6 0.0153747558591
6.65 0.0138427734365
6.7 0.0130615234366
6.75 0.0123352050768
6.8 0.0138000488265
6.85 0.0154449462883
6.9 0.0176940917958
6.95 0.0177276611322
7.0 0.017800903319
7.05 0.0169036865204
7.1 0.0150878906228
7.15 0.0150268554668
7.2 0.0142272949202
7.25 0.0136047363278
7.3 0.014004516601
7.35 0.015206909179
7.4 0.014611816406
7.45 0.0163940429674
7.5 0.0155853271474
7.55 0.015689086913
7.6 0.01668395996
7.65 0.0161529541013
7.7 0.0174407958978
7.75 0.017245483398
7.8 0.0156799316403
7.85 0.0149566650381
7.9 0.0137420654293
7.95 0.0123809814451
8.0 0.0145599365239
8.05 0.0138122558606
8.1 0.0149261474627
8.15 0.0154785156287
8.2 0.0127624511757
8.25 0.0129577636763
8.3 0.0113708496136
8.35 0.0110046386747
8.4 0.011419677737
8.45 0.0103698730492
8.5 0.00983886718964
8.55 0.00898437500214
8.6 0.00894775390873
8.65 0.00995483398739
8.7 0.00984497070633
8.75 0.0101654052767
8.8 0.00971069336253
8.85 0.00985717773759
8.9 0.0101684570345
8.95 0.00984497070633
9.0 0.0102844238314
9.05 0.00976562500315
9.1 0.00990600586262
9.15 0.0099090576204
9.2 0.00996093750323
9.25 0.0103210449252
9.3 0.00978698730789
9.35 0.00997314453447
9.4 0.00998840332351
9.45 0.00996093750323
9.5 0.0101196289097
9.55 0.00981140137037
9.6 0.0101287841829
9.65 0.0098510742218
9.7 0.0112762451205
9.75 0.0125671386762
9.8 0.0115997314506
9.85 0.0130279541069
9.9 0.0120300293025
9.95 0.0181488037272
10.0 0.03338317873
10.05 0.0818206787267
10.1 0.142654418958
10.15 0.140988159179
10.2 0.130148315425
10.25 0.0814849853498
10.3 0.0257354736338
10.35 0.0215270996131
10.4 0.0187438964884
10.45 0.019372558598
10.5 0.015432739262
10.55 0.0152099609403
10.6 0.0154052734399
10.65 0.014990234377
10.7 0.0146453857434
10.75 0.0147613525416
10.8 0.0146606445336
10.85 0.0146514892616
10.9 0.0145996093785
10.95 0.0152191162143
11.0 0.0154052734412
11.05 0.0153900146507
11.1 0.0155181884798
11.15 0.0147460937518
11.2 0.0143920898453
11.25 0.0145660400415
11.3 0.0143920898454
11.35 0.0144287109392
11.4 0.0146972656267
11.45 0.0144012451181
11.5 0.0145965576181
11.55 0.014416503908
11.6 0.014968872073
11.65 0.0154174804705
11.7 0.0152587890644
11.75 0.0154052734397
11.8 0.0149017334001
11.85 0.0143676757841
11.9 0.0145996093781
11.95 0.0146636962933
12.0 0.014651489262
12.05 0.0147369384808
12.1 0.0145141601594
12.15 0.0146209716818
12.2 0.0144622802756
12.25 0.0146942138693
12.3 0.0154785156283
12.35 0.0152709960968
12.4 0.0155273437527
12.45 0.015173339846
12.5 0.0144287109392
12.55 0.0146240234392
12.6 0.0145874023454
12.65 0.0146240234392
12.7 0.0145538330108
12.75 0.0145751953142
12.8 0.014416503908
12.85 0.0147827148455
12.9 0.0147827148455
12.95 0.014709472658
13.0 0.0146484375017
13.05 0.0151733398455
13.1 0.0154266357427
13.15 0.0152099609395
13.2 0.0153808593773
13.25 0.0145416259806
13.3 0.0145416259809
13.35 0.0145782470749
13.4 0.0145874023469
13.45 0.0146209716814
13.5 0.0145355224627
13.55 0.0147796630876
13.6 0.0145996093782
13.65 0.0147949218782
13.7 0.0149658203157
13.75 0.015319824222
13.8 0.015469360356
13.85 0.01520996094
13.9 0.0149291992209
13.95 0.0144531250017
14.0 0.0145385742205
14.05 0.0147247314486
14.1 0.0145507812517
14.15 0.0147827148455
14.2 0.0149627685548
14.25 0.0152557373049
14.3 0.0152862548864
14.35 0.0152252197302
14.4 0.0149902343769
14.45 0.0146972656269
14.5 0.014926147461
14.55 0.0148559570331
14.6 0.0146240234392
14.65 0.0145751953142
14.7 0.0146484375017
14.75 0.0148193359393
14.8 0.0153808593768
14.85 0.0152862548865
14.9 0.015222167971
14.95 0.0264526367619
15.0 0.042211914016
15.05 0.0471862791777
15.1 0.178048705922
15.15 0.172116088697
15.2 0.18826904289
15.25 0.188284301748
15.3 0.0585937500072
15.35 0.053222656253
15.4 0.0203002929754
15.45 0.0151519775463
15.5 0.0145965576229
15.55 0.0125640869179
15.6 0.0126708984385
15.65 0.0118591308618
15.7 0.0107177734393
15.75 0.0118957519551
15.8 0.0113708496118
15.85 0.0111511230523
15.9 0.010391235355
15.95 0.00984191894895
16.0 0.00979919433932
16.05 0.0097595214874
16.1 0.00987854004433
16.15 0.0098999023466
16.2 0.0102722167999
16.25 0.00924987793043
16.3 0.00962829589904
16.35 0.0107818603545
16.4 0.00983581543252
16.45 0.011175537112
16.5 0.0107238769559
16.55 0.00957336426063
16.6 0.00986022949498
16.65 0.00982971191698
16.7 0.00984497070603
16.75 0.00983886719315
16.8 0.0100891113311
16.85 0.00996093750295
16.9 0.0099090576201
16.95 0.00997314453427
17.0 0.00986328125289
17.05 0.00986022949506
17.1 0.00997314453417
17.15 0.010009765628
17.2 0.010025024417
17.25 0.00996704101853
17.3 0.00981140137007
17.35 0.0100372314453
17.4 0.0101959228549
17.45 0.0115814209025
17.5 0.0127990722731
17.55 0.0123626709023
17.6 0.0123077392614
17.65 0.009613037112
17.7 0.00600585937355
17.75 0.00368957519664
17.8 0.00111389160201
17.85 0.0
17.9 0.0
17.95 0.0
18.0 0.0
18.05 0.0
18.1 0.0
18.15 0.0
18.2 0.0
18.25 0.0
18.3 0.0
18.35 0.0
18.4 0.0
18.45 0.0
18.5 0.0
18.55 0.0
18.6 0.0
18.65 0.0
18.7 0.0
18.75 0.0
18.8 0.0
18.85 0.0
18.9 0.0
18.95 0.0
19.0 0.0
19.05 0.0
19.1 0.0
19.15 0.0
19.2 0.0
19.25 0.0
19.3 0.0
19.35 0.0
19.4 0.0
19.45 0.0
19.5 0.0
19.55 0.0
19.6 0.0
19.65 0.0
19.7 0.0
19.75 0.0
19.8 0.0
19.85 0.0
19.9 0.0
19.95 0.00624999999999
20.0 0.00624999999999
20.05 0.00624999999999
20.1 0.00624999999999
20.15 0.0
20.2 0.0
20.25 0.0
20.3 0.0
20.35 0.0
20.4 0.0
20.45 0.0
20.5 0.0
20.55 0.0
20.6 0.0
20.65 0.0
20.7 0.0
20.75 0.0
20.8 0.0
20.85 0.0
20.9 0.0
20.95 0.0
21.0 0.0
21.05 0.0
21.1 0.0
21.15 0.0
21.2 0.0
21.25 0.0
21.3 0.0
21.35 0.0
21.4 0.0
21.45 0.0
21.5 0.0
21.55 0.0
21.6 0.0
21.65 0.0
21.7 0.0
21.75 0.0
21.8 0.0
21.85 0.0
21.9 0.0
21.95 0.0
22.0 0.0
22.05 0.0
22.1 0.0
22.15 0.0
22.2 0.0
22.25 0.0
22.3 0.0
22.35 0.0
22.4 0.0
22.45 0.0
22.5 0.0
22.55 0.0
22.6 0.0
22.65 0.0
22.7 0.0
22.75 0.0
22.8 0.0
22.85 0.0
22.9 0.0
22.95 0.0
23.0 0.0
23.05 0.0
23.1 0.0
23.15 0.0
23.2 0.0
23.25 0.0
23.3 0.0
23.35 0.0
23.4 0.0
23.45 0.0
23.5 0.0
23.55 0.0
23.6 0.0
23.65 0.0
23.7 0.0
23.75 0.0
23.8 0.0
23.85 0.0
23.9 0.0
23.95 0.0
24.0 0.0
24.05 0.0
24.1 0.0
24.15 0.0
24.2 0.0
24.25 0.0
24.3 0.0
24.35 0.0
24.4 0.0
24.45 0.0
24.5 0.0
24.55 0.0
24.6 0.0
24.65 0.0
24.7 0.0
24.75 0.0
24.8 0.0
24.85 0.0
24.9 0.0
24.95 0.003125
25.0 0.003125
25.05 0.003125
25.1 0.003125
25.15 0.0
25.2 0.0
25.25 0.0
25.3 0.0
25.35 0.0
25.4 0.0
25.45 0.0
25.5 0.0
25.55 0.0
25.6 0.0
25.65 0.0
25.7 0.0
25.75 0.0
25.8 0.0
25.85 0.0
25.9 0.0
25.95 0.0
26.0 0.0
26.05 0.0
26.1 0.0
26.15 0.0
26.2 0.0
26.25 0.0
26.3 0.0
26.35 0.0
26.4 0.0
26.45 0.0
26.5 0.0
26.55 0.0
26.6 0.0
26.65 0.0
26.7 0.0
26.75 0.0
26.8 0.0
26.85 0.0
26.9 0.0
26.95 0.0
27.0 0.0
27.05 0.0
27.1 0.0
27.15 0.0
27.2 0.0
27.25 0.0
27.3 0.0
27.35 0.0
27.4 0.0
27.45 0.0
27.5 0.0
27.55 0.0
27.6 0.0
27.65 0.0
27.7 0.0
27.75 0.0
27.8 0.0
27.85 0.0
27.9 0.0
27.95 0.0
28.0 0.0
28.05 0.0
28.1 0.0
28.15 0.0
28.2 0.0
28.25 0.0
28.3 0.0
28.35 0.0
28.4 0.0
28.45 0.0
28.5 0.0
28.55 0.0
28.6 0.0
28.65 0.0
28.7 0.0
28.75 0.0
28.8 0.0
28.85 0.0
28.9 0.0
28.95 0.0
29.0 0.0
29.05 0.0
29.1 0.0
29.15 0.0
29.2 0.0
29.25 0.0
29.3 0.0
29.35 0.0
29.4 0.0
29.45 0.0
29.5 0.0
29.55 0.0
29.6 0.0
29.65 0.0
29.7 0.0
29.75 0.0
29.8 0.0
29.85 0.0
