0.1 0.859375
0.15 0.078125
0.2 0.0
0.25 0.0
0.3 0.0
0.35 0.0
0.4 0.0
0.45 0.0390625
0.5 0.04150390625
0.55 0.11962890625
0.6 0.12451171875
0.65 0.24169921875
0.7 0.2490234375
0.75 0.4833984375
0.8 0.49560546875
0.85 0.966796875
0.9 0.9619140625
0.95 1.62109375
1.0 1.60400390625
1.05 1.8427734375
1.1 2.2802734375
1.15 1.97021484375
1.2 2.94921875
1.25 2.5654296875
1.3 3.61328125
1.35 3.21630859375
1.4 4.27734375
1.45 3.89013671875
1.5 4.82421875
1.55 4.75244140625
1.6 4.8828125
1.65 5.52490234375
1.7 5.03662109375
1.75 6.15478515625
1.8 5.66650390625
1.85 6.5234375
1.9 6.259765625
1.95 6.93603515625
2.0 6.79638671875
2.05 7.56396484375
2.1 7.38623046875
2.15 7.89892578125
2.2 7.99609375
2.25 8.13427734375
2.3 8.65966796875
2.35 8.56640625
2.4 9.17919921875
2.45 8.92529296875
2.5 9.26025390625
2.55 9.12939453125
2.6 9.353515625
2.65 9.39697265625
2.7 9.5419921875
2.75 9.64306640626
2.8 9.66650390625
2.85 9.876953125
2.9 9.876953125
2.95 10.0
3.0 10.0
3.05 10.0
3.1 10.0
3.15 10.0
3.2 10.0
3.25 10.0
3.3 10.0
3.35 10.0
3.4 10.0
3.45 10.0
3.5 10.0
3.55 10.0
3.6 10.0
3.65 10.0
3.7 10.0
3.75 10.0
3.8 10.0
3.85 10.0
3.9 10.0
3.95 10.0
4.0 10.0
4.05 10.0
4.1 10.0
4.15 10.0
4.2 10.0
4.25 10.0
4.3 10.0
4.35 10.0
4.4 10.0
4.45 10.0
4.5 10.0
4.55 10.0
4.6 10.0
4.65 10.0
4.7 10.0
4.75 10.0
4.8 10.0
4.85 10.0
4.9 10.0
4.95 10.0
5.0 10.0
5.05 10.0
5.1 9.86572265625
5.15 9.86572265625
5.2 9.86572265625
5.25 9.830078125
5.3 9.96435546875
5.35 9.96435546875
5.4 9.96435546875
5.45 10.0
5.5 10.0
5.55 10.0
5.6 10.0
5.65 10.0
5.7 10.0
5.75 10.0
5.8 10.0
5.85 10.0
5.9 10.0
5.95 10.0
6.0 10.0
6.05 10.0
6.1 10.0
6.15 10.0
6.2 10.0
6.25 10.0
6.3 10.0
6.35 10.0
6.4 10.0
6.45 10.0
6.5 10.0
6.55 10.0
6.6 10.0
6.65 10.0
6.7 10.0
6.75 10.0
6.8 10.0
6.85 10.0
6.9 10.0
6.95 10.0
7.0 10.0
7.05 10.0
7.1 10.0
7.15 10.0
7.2 10.0
7.25 10.0
7.3 10.0
7.35 10.0
7.4 10.0
7.45 10.0
7.5 10.0
7.55 10.0
7.6 10.0
7.65 10.0
7.7 10.0
7.75 10.0
7.8 10.0
7.85 10.0
7.9 10.0
7.95 10.0
8.0 10.0
8.05 10.0
8.1 10.0
8.15 10.0
8.2 10.0
8.25 10.0
8.3 10.0
8.35 10.0
8.4 10.0
8.45 10.0
8.5 10.0
8.55 10.0
8.6 10.0
8.65 10.0
8.7 10.0
8.75 10.0
8.8 10.0
8.85 10.0
8.9 10.0
8.95 10.0
9.0 10.0
9.05 10.0
9.1 10.0
9.15 10.0
9.2 10.0
9.25 10.0
9.3 10.0
9.35 10.0
9.4 10.0
9.45 10.0
9.5 10.0
9.55 10.0
9.6 10.0
9.65 10.0
9.7 10.0
9.75 10.0
9.8 10.0
9.85 10.0
9.9 10.0
9.95 10.0
10.0 10.0
10.05 9.9228515625
10.1 9.9228515625
10.15 9.9228515625
10.2 9.9228515625
10.25 10.0
10.3 10.0
10.35 10.0
10.4 10.0
10.45 10.0
10.5 10.0
10.55 10.0
10.6 10.0
10.65 10.0
10.7 10.0
10.75 10.0
10.8 10.0
10.85 10.0
10.9 10.0
10.95 10.0
11.0 10.0
11.05 10.0
11.1 10.0
11.15 10.0
11.2 10.0
11.25 10.0
11.3 10.0
11.35 10.0
11.4 10.0
11.45 10.0
11.5 10.0
11.55 10.0
11.6 10.0
11.65 10.0
11.7 10.0
11.75 10.0
11.8 10.0
11.85 10.0
11.9 10.0
11.95 10.0
12.0 10.0
12.05 10.0
12.1 10.0
12.15 10.0
12.2 10.0
12.25 10.0
12.3 10.0
12.35 10.0
12.4 10.0
12.45 10.0
12.5 10.0
12.55 10.0
12.6 10.0
12.65 10.0
12.7 10.0
12.75 10.0
12.8 10.0
12.85 10.0
12.9 10.0
12.95 10.0
13.0 10.0
13.05 10.0
13.1 10.0
13.15 10.0
13.2 10.0
13.25 10.0
13.3 10.0
13.35 10.0
13.4 10.0
13.45 10.0
13.5 10.0
13.55 10.0
13.6 10.0
13.65 10.0
13.7 10.0
13.75 10.0
13.8 10.0
13.85 10.0
13.9 10.0
13.95 10.0
14.0 10.0
14.05 10.0
14.1 10.0
14.15 10.0
14.2 10.0
14.25 10.0
14.3 10.0
14.35 10.0
14.4 10.0
14.45 10.0
14.5 10.0
14.55 10.0
14.6 10.0
14.65 10.0
14.7 10.0
14.75 10.0
14.8 10.0
14.85 10.0
14.9 10.0
14.95 10.0
15.0 10.0
15.05 10.0
15.1 10.0
15.15 10.0
15.2 10.0
15.25 10.0
15.3 10.0
15.35 10.0
15.4 10.0
15.45 10.0
15.5 10.0
15.55 10.0
15.6 10.0
15.65 10.0
15.7 10.0
15.75 10.0
15.8 10.0
15.85 10.0
15.9 10.0
15.95 10.0
16.0 10.0
16.05 10.0
16.1 10.0
16.15 10.0
16.2 10.0
16.25 10.0
16.3 10.0
16.35 10.0
16.4 10.0
16.45 10.0
16.5 10.0
16.55 10.0
16.6 10.0
16.65 10.0
16.7 10.0
16.75 10.0
16.8 10.0
16.85 10.0
16.9 10.0
16.95 10.0
17.0 10.0
17.05 10.0
17.1 10.0
17.15 10.0
17.2 10.0
17.25 10.0
17.3 10.0
17.35 10.0
17.4 10.0
17.45 10.0
17.5 10.0
17.55 10.0
17.6 10.0
17.65 10.0
17.7 10.0
17.75 10.0
17.8 10.0
17.85 10.0
17.9 10.0
17.95 10.0
18.0 10.0
18.05 10.0
18.1 10.0
18.15 10.0
18.2 10.0
18.25 10.0
18.3 10.0
18.35 10.0
18.4 10.0
18.45 10.0
18.5 10.0
18.55 10.0
18.6 10.0
18.65 10.0
18.7 10.0
18.75 10.0
18.8 10.0
18.85 10.0
18.9 10.0
18.95 10.0
19.0 10.0
19.05 10.0
19.1 10.0
19.15 10.0
19.2 10.0
19.25 10.0
19.3 10.0
19.35 10.0
19.4 10.0
19.45 10.0
19.5 10.0
19.55 10.0
19.6 10.0
19.65 10.0
19.7 10.0
19.75 10.0
19.8 10.0
19.85 10.0
19.9 10.0
19.95 10.0
20.0 10.0
20.05 10.0
20.1 10.0
20.15 10.0
20.2 10.0
20.25 10.0
20.3 10.0
20.35 10.0
20.4 10.0
20.45 10.0
20.5 10.0
20.55 10.0
20.6 10.0
20.65 10.0
20.7 10.0
20.75 10.0
20.8 10.0
20.85 10.0
20.9 10.0
20.95 10.0
21.0 10.0
21.05 10.0
21.1 10.0
21.15 10.0
21.2 10.0
21.25 10.0
21.3 10.0
21.35 10.0
21.4 10.0
21.45 10.0
21.5 10.0
21.55 10.0
21.6 10.0
21.65 10.0
21.7 10.0
21.75 10.0
21.8 10.0
21.85 10.0
21.9 10.0
21.95 10.0
22.0 10.0
22.05 10.0
22.1 10.0
22.15 10.0
22.2 10.0
22.25 10.0
22.3 10.0
22.35 10.0
22.4 10.0
22.45 10.0
22.5 10.0
22.55 10.0
22.6 10.0
22.65 10.0
22.7 10.0
22.75 10.0
22.8 10.0
22.85 10.0
22.9 10.0
22.95 10.0
23.0 10.0
23.05 10.0
23.1 10.0
23.15 10.0
23.2 10.0
23.25 10.0
23.3 10.0
23.35 10.0
23.4 10.0
23.45 10.0
23.5 10.0
23.55 10.0
23.6 10.0
23.65 10.0
23.7 10.0
23.75 10.0
23.8 10.0
23.85 10.0
23.9 10.0
23.95 10.0
24.0 10.0
24.05 10.0
24.1 10.0
24.15 10.0
24.2 10.0
24.25 10.0
24.3 10.0
24.35 10.0
24.4 10.0
24.45 10.0
24.5 10.0
24.55 10.0
24.6 10.0
24.65 10.0
24.7 10.0
24.75 10.0
24.8 10.0
24.85 10.0
24.9 10.0
24.95 10.0
25.0 10.0
25.05 10.0
25.1 10.0
25.15 10.0
25.2 10.0
25.25 10.0
25.3 10.0
25.35 10.0
25.4 10.0
25.45 10.0
25.5 10.0
25.55 10.0
25.6 10.0
25.65 10.0
25.7 10.0
25.75 10.0
25.8 10.0
25.85 10.0
25.9 10.0
25.95 10.0
26.0 10.0
26.05 10.0
26.1 10.0
26.15 10.0
26.2 10.0
26.25 10.0
26.3 10.0
26.35 10.0
26.4 10.0
26.45 10.0
26.5 10.0
26.55 10.0
26.6 10.0
26.65 10.0
26.7 10.0
26.75 10.0
26.8 10.0
26.85 10.0
26.9 10.0
26.95 10.0
27.0 10.0
27.05 10.0
27.1 10.0
27.15 10.0
27.2 10.0
27.25 10.0
27.3 10.0
27.35 10.0
27.4 10.0
27.45 10.0
27.5 10.0
27.55 10.0
27.6 10.0
27.65 10.0
27.7 10.0
27.75 10.0
27.8 10.0
27.85 10.0
27.9 10.0
27.95 10.0
28.0 10.0
28.05 10.0
28.1 10.0
28.15 10.0
28.2 10.0
28.25 10.0
28.3 10.0
28.35 10.0
28.4 10.0
28.45 10.0
28.5 10.0
28.55 10.0
28.6 10.0
28.65 10.0
28.7 10.0
28.75 10.0
28.8 10.0
28.85 10.0
28.9 10.0
28.95 10.0
29.0 10.0
29.05 10.0
29.1 10.0
29.15 10.0
29.2 10.0
29.25 10.0
29.3 10.0
29.35 10.0
29.4 10.0
29.45 10.0
29.5 10.0
29.55 10.0
29.6 10.0
29.65 10.0
29.7 10.0
29.75 10.0
29.8 10.0
29.85 10.0
