0.1 0.0203125
0.15 0.0
0.2 0.0
0.25 0.0
0.3 0.0
0.35 0.0
0.4 0.0
0.45 0.0
0.5 0.0
0.55 0.0
0.6 0.0
0.65 0.0
0.7 0.0
0.75 0.0
0.8 0.0
0.85 0.0
0.9 0.0
0.95 0.0
1.0 0.0
1.05 0.0
1.1 0.0
1.15 0.0
1.2 0.0
1.25 0.0
1.3 0.0
1.35 0.0
1.4 0.0
1.45 0.0
1.5 0.0240783691406
1.55 0.0244384765625
1.6 0.0564392089844
1.65 0.0659881591797
1.7 0.06787109375
1.75 0.0838287353515
1.8 0.0707336425781
1.85 0.0874420166015
1.9 0.0769317626953
1.95 0.0822357177734
2.0 0.0724365234375
2.05 0.0791168212891
2.1 0.0691009521485
2.15 0.105053710937
2.2 0.101150512695
2.25 0.132257080078
2.3 0.14526977539
2.35 0.122119140625
2.4 0.149353027344
2.45 0.116903686523
2.5 0.129803466797
2.55 0.13678894043
2.6 0.150402832031
2.65 0.154998779297
2.7 0.198889160156
2.75 0.203747558594
2.8 0.239599609375
2.85 0.277047729492
2.9 0.277984619141
2.95 0.313006591797
3.0 0.335317993165
3.05 0.370373535157
3.1 0.411505126954
3.15 0.45450744629
3.2 0.472650146485
3.25 0.479879760743
3.3 0.476196289063
3.35 0.474212646485
3.4 0.474664306641
3.45 0.475442504884
3.5 0.478125000001
3.55 0.473736572266
3.6 0.467086791993
3.65 0.466647338868
3.7 0.465759277344
3.75 0.462768554688
3.8 0.460317993165
3.85 0.452392578126
3.9 0.446545410157
3.95 0.44054260254
4.0 0.434927368165
4.05 0.436080932618
4.1 0.434426879884
4.15 0.435848999024
4.2 0.44591369629
4.25 0.453549194336
4.3 0.45079650879
4.35 0.452246093751
4.4 0.440786743165
4.45 0.432693481446
4.5 0.435415649415
4.55 0.432714843751
4.6 0.43419494629
4.65 0.433233642579
4.7 0.433868408204
4.75 0.440771484376
4.8 0.4470703125
4.85 0.453497314454
4.9 0.454541015625
4.95 0.906301879878
5.0 1.16294250489
5.05 1.1523223877
5.1 1.09391479493
5.15 0.594964599627
5.2 0.260162353516
5.25 0.217962646486
5.3 0.224319458008
5.35 0.243185424802
5.4 0.304690551757
5.45 0.350250244141
5.5 0.412011718749
5.55 0.439614868165
5.6 0.468014526367
5.65 0.486968994141
5.7 0.483599853516
5.75 0.487393188478
5.8 0.479150390626
5.85 0.469598388673
5.9 0.469006347658
5.95 0.457763671876
6.0 0.448599243165
6.05 0.450793457031
6.1 0.449877929688
6.15 0.457263183594
6.2 0.46544494629
6.25 0.464224243165
6.3 0.455233764649
6.35 0.449169921876
6.4 0.442361450196
6.45 0.43419494629
6.5 0.437844848634
6.55 0.438375854493
6.6 0.437628173829
6.65 0.43761291504
6.7 0.43664855957
6.75 0.436666870118
6.8 0.43715209961
6.85 0.437203979493
6.9 0.439096069337
6.95 0.438647460938
7.0 0.437731933594
7.05 0.437384033204
7.1 0.436373901367
7.15 0.436895751954
7.2 0.439825439454
7.25 0.448260498047
7.3 0.45812072754
7.35 0.463262939454
7.4 0.468145751954
7.45 0.455212402346
7.5 0.44298400879
7.55 0.438357543945
7.6 0.439337158204
7.65 0.45334777832
7.7 0.464224243165
7.75 0.471057128906
7.8 0.469583129884
7.85 0.4680267334
7.9 0.46398010254
7.95 0.457913208009
8.0 0.449374389648
8.05 0.442437744141
8.1 0.438101196288
8.15 0.437872314452
8.2 0.439337158202
8.25 0.439596557616
8.3 0.441400146484
8.35 0.440069580077
8.4 0.440554809569
8.45 0.43988342285
8.5 0.437255859374
8.55 0.437139892577
8.6 0.437857055663
8.65 0.446389770507
8.7 0.456182861327
8.75 0.463900756835
8.8 0.469107055663
8.85 0.464254760741
8.9 0.458135986327
8.95 0.450662231444
9.0 0.446401977538
9.05 0.443743896483
9.1 0.442755126952
9.15 0.444338989257
9.2 0.443228149413
9.25 0.443731689452
9.3 0.443731689452
9.35 0.443380737303
9.4 0.444284057616
9.45 0.450061035155
9.5 0.455981445312
9.55 0.457995605468
9.6 0.458529663085
9.65 0.451773071288
9.7 0.444897460936
9.75 0.441778564452
9.8 0.438455200194
9.85 0.437124633788
9.9 0.441546630859
9.95 0.932067871108
10.0 1.25479736326
10.05 1.21199340819
10.1 1.18747253416
10.15 0.678860473605
10.2 0.399621582027
10.25 0.588531494145
10.3 0.642144775394
10.35 0.911599731436
10.4 0.955435180676
10.45 0.957308959949
10.5 1.21923217773
10.55 1.12221984865
10.6 1.33078918456
10.65 1.52602233887
10.7 1.45032958985
10.75 1.59401245117
10.8 1.53245849609
10.85 1.44366760253
10.9 1.46776123046
10.95 1.34721069335
11.0 1.31566162109
11.05 1.30646057128
11.1 1.29662780761
11.15 1.35950927733
11.2 1.38059997559
11.25 1.32529907227
11.3 1.31374511718
11.35 1.30511169433
11.4 1.26810607909
11.45 1.26160888672
11.5 1.22141723633
11.55 1.20403442382
11.6 1.2454711914
11.65 1.2678375244
11.7 1.27719421386
11.75 1.25831298829
11.8 1.23520507812
11.85 1.23976440429
11.9 1.25480041503
11.95 1.23252258301
12.0 1.21971740723
12.05 1.20974426269
12.1 1.20568237304
12.15 1.22891540526
12.2 1.19666748046
12.25 1.17005615235
12.3 1.15545654296
12.35 1.14867858886
12.4 1.17228088379
12.45 1.16843566895
12.5 1.15724792481
12.55 1.16374206542
12.6 1.17292480467
12.65 1.18614501952
12.7 1.19837036133
12.75 1.17709655762
12.8 1.16157836914
12.85 1.16938781738
12.9 1.1479522705
12.95 1.15109252929
13.0 1.16615600585
13.05 1.16057128905
13.1 1.19386596679
13.15 1.21094665528
13.2 1.20824890137
13.25 1.21704101563
13.3 1.19967041015
13.35 1.18732910154
13.4 1.18937377929
13.45 1.17518615722
13.5 1.17206420898
13.55 1.15647277832
13.6 1.14778747557
13.65 1.15474548339
13.7 1.13663330077
13.75 1.13716735839
13.8 1.1263824463
13.85 1.13449096679
13.9 1.16122131347
13.95 1.16469421387
14.0 1.18102722166
14.05 1.16793823242
14.1 1.15268554687
14.15 1.16109313965
14.2 1.14606018066
14.25 1.15235900878
14.3 1.16111450195
14.35 1.15641784666
14.4 1.15119323731
14.45 1.13655395507
14.5 1.13607177734
14.55 1.12728881836
14.6 1.15626220701
14.65 1.17085571288
14.7 1.17046508789
14.75 1.18815917968
14.8 1.17123718262
14.85 1.17077026367
14.9 1.169442749
14.95 1.74985961903
15.0 2.43700256325
15.05 2.49372558563
15.1 2.47214660614
15.15 1.82825622537
15.2 1.12599792471
15.25 1.0317840576
15.3 1.03615417481
15.35 1.10143432617
15.4 1.11393127443
15.45 1.16035461426
15.5 1.18065795898
15.55 1.17464904786
15.6 1.17403259274
15.65 1.15699157714
15.7 1.14285278319
15.75 1.13038024903
15.8 1.1346008301
15.85 1.13368225097
15.9 1.13317871092
15.95 1.14189453123
16.0 1.14666442869
16.05 1.14385375978
16.1 1.14996032717
16.15 1.15631408691
16.2 1.14809875489
16.25 1.14990844724
16.3 1.15962219235
16.35 1.15598144532
16.4 1.16740722657
16.45 1.17285766602
16.5 1.16443176272
16.55 1.16528625487
16.6 1.16776123045
16.65 1.16562194823
16.7 1.17782287595
16.75 1.17904968262
16.8 1.16828002931
16.85 1.1678741455
16.9 1.15640258789
16.95 1.15664367674
17.0 1.14785461424
17.05 1.15137939453
17.1 1.15762023926
17.15 1.15408325196
17.2 1.16913452148
17.25 1.16890563964
17.3 1.15002746582
17.35 1.14573364255
17.4 1.14637145993
17.45 1.14572753908
17.5 1.15018920898
17.55 1.15715942384
17.6 1.15844726564
17.65 1.16002197263
17.7 1.17388610838
17.75 1.18039855958
17.8 1.16881713867
17.85 1.16765136719
17.9 1.17911987304
17.95 1.16905212399
18.0 1.15788879395
18.05 1.15805664062
18.1 1.13610534669
18.15 1.13236694336
18.2 1.13951110836
18.25 1.13319396972
18.3 1.13187561036
18.35 1.13576049805
18.4 1.15458374025
18.45 1.15078430174
18.5 1.16257629391
18.55 1.15551757812
18.6 1.14147338867
18.65 1.1358215332
18.7 1.13215026856
18.75 1.14412231444
18.8 1.13808288572
18.85 1.15122070312
18.9 1.14655761719
18.95 1.15205383301
19.0 1.16618957522
19.05 1.16317443848
19.1 1.17438354493
19.15 1.17201232909
19.2 1.16475524899
19.25 1.16282348631
19.3 1.15641174314
19.35 1.15316467286
19.4 1.15858459475
19.45 1.1701599121
19.5 1.17465209962
19.55 1.18479919431
19.6 1.188192749
19.65 1.17992553712
19.7 1.17558898926
19.75 1.15703125001
19.8 1.13835144044
19.85 1.13722534176
19.9 1.12656555174
19.95 1.70280761726
20.0 2.52698974589
20.05 2.6553466794
20.1 2.64641113247
20.15 2.00743408154
20.2 1.20543212874
20.25 1.04638061519
20.3 1.02742614742
20.35 1.1385955811
20.4 1.1077636719
20.45 1.07358093261
20.5 1.08933105462
20.55 1.03437499999
20.6 0.987005615251
20.65 1.03839721675
20.7 1.11203002929
20.75 1.13037414556
20.8 1.1225158691
20.85 1.14267272942
20.9 1.04981994636
20.95 0.916552734313
21.0 0.88899841301
21.05 0.854129028345
21.1 0.816079711908
21.15 0.803796386661
21.2 0.842889404303
21.25 0.818200683639
21.3 0.840109252891
21.35 0.936322021523
21.4 0.961990356458
21.45 0.959313964824
21.5 0.961172485364
21.55 0.975625610299
21.6 0.974636840841
21.65 0.978436279331
21.7 1.01457519529
21.75 1.01586608891
21.8 0.998577880833
21.85 1.00378417965
21.9 0.963696289042
21.95 0.953283691366
22.0 0.979165649422
22.05 0.975823974603
22.1 0.993988037109
22.15 0.999652099602
22.2 0.995361328126
22.25 1.02817077638
22.3 1.04928588871
22.35 1.08509521484
22.4 1.09382934567
22.45 1.06902465821
22.5 1.04226379392
22.55 0.997061157184
22.6 0.98170776368
22.65 0.966098022426
22.7 0.956027221673
22.75 0.944491577178
22.8 0.928311157191
22.85 0.949038696305
22.9 0.963943481491
22.95 0.978723144547
23.0 1.00064697265
23.05 0.986334228472
23.1 0.965835571186
23.15 0.95748291018
23.2 0.925064086937
23.25 0.917068481401
23.3 0.932568359429
23.35 0.929638671823
23.4 0.941970825197
23.45 0.952331543016
23.5 0.964947509682
23.55 0.971551513689
23.6 0.978479003908
23.65 0.985272216806
23.7 0.990011596704
23.75 1.00993652341
23.8 1.03384399411
23.85 1.03848571778
23.9 1.02004089356
23.95 0.994735717736
24.0 0.953393554689
24.05 0.927792358328
24.1 0.923684692425
24.15 0.917202758831
24.2 0.944058227484
24.25 0.981207275425
24.3 1.01148376462
24.35 1.01139221192
24.4 1.01391296392
24.45 1.01771545406
24.5 1.01940917966
24.55 1.02990417479
24.6 1.03365478513
24.65 0.992138671902
24.7 0.955960083001
24.75 0.937945556567
24.8 0.911199951174
24.85 0.9216949463
24.9 0.934750366231
24.95 1.3678009034
25.0 2.17041931145
25.05 2.2132873533
25.1 2.18841857891
25.15 1.73840026837
25.2 0.905267333876
25.25 0.8476196289
25.3 0.859683227533
25.35 0.86268615722
25.4 0.890686035167
25.45 0.940960693379
25.5 0.949649047854
25.55 0.982727050802
25.6 1.02238769531
25.65 1.00746459962
25.7 1.00177001956
25.75 1.0036834716
25.8 0.983145141604
25.85 0.958963012689
25.9 0.963436889588
25.95 0.96583251956
26.0 0.968106079104
26.05 0.965417480444
26.1 0.959082031243
26.15 0.953460693408
26.2 0.945831298776
26.25 0.977978515628
26.3 0.999145507871
26.35 1.01429443354
26.4 1.0506530762
26.45 1.06939392088
26.5 1.05598449701
26.55 1.02926940919
26.6 0.998287963842
26.65 0.970303344683
26.7 0.978408813518
26.75 0.992401123022
26.8 0.991818237308
26.85 0.966250610412
26.9 0.957400512622
26.95 0.962765502895
27.0 0.93758544927
27.05 0.967422485316
27.1 0.996713256887
27.15 1.00279846194
27.2 1.04087524408
27.25 1.03829345704
27.3 1.00889282226
27.35 1.00735473628
27.4 0.993484497084
27.45 0.997729492181
27.5 1.00516357418
27.55 0.992520141654
27.6 1.00042724603
27.65 0.99563903807
27.7 0.985638427808
27.75 1.00330505367
27.8 1.0158050537
27.85 1.00864562993
27.9 0.996273803594
27.95 0.963671875004
28.0 0.91190795907
28.05 0.888568115117
28.1 0.920205688511
28.15 0.934463500991
28.2 0.944790649347
28.25 0.970162963901
28.3 0.946859741174
28.35 0.922540283197
28.4 0.934817504876
28.45 0.948745727512
28.5 0.96917724617
28.55 0.992382812473
28.6 1.00556640622
28.65 0.991665649491
28.7 0.966525268475
28.75 0.964724731397
28.8 0.952755737362
28.85 0.938278198194
28.9 0.956689453129
28.95 0.974584960984
29.0 0.996981811443
29.05 0.99692687993
29.1 0.991278076219
29.15 0.975366210834
29.2 0.95266113286
29.25 0.952947997987
29.3 0.936276245079
29.35 0.960336303845
29.4 0.983999633761
29.45 1.00839233396
29.5 1.04386901859
29.55 1.0352539062
29.6 1.02251586913
29.65 1.01130371096
29.7 1.00983276358
29.75 0.99323120121
29.8 1.00982971195
29.85 1.01264343254
