0.1 0.859375
0.15 0.0
0.2 0.0
0.25 0.0
0.3 0.0
0.35 0.0
0.4 0.0
0.45 0.0390625
0.5 0.04150390625
0.55 0.11962890625
0.6 0.12451171875
0.65 0.24169921875
0.7 0.2490234375
0.75 0.4833984375
0.8 0.498046875
0.85 0.966796875
0.9 0.99365234375
0.95 1.15087890625
1.0 1.62353515625
1.05 1.3037109375
1.1 2.25830078125
1.15 1.9267578125
1.2 2.92724609375
1.25 2.7197265625
1.3 3.603515625
1.35 3.58251953125
1.4 4.1982421875
1.45 4.30419921875
1.5 4.29736328125
1.55 4.93408203125
1.6 4.43017578125
1.65 5.4716796875
1.7 5.03173828125
1.75 5.87646484375
1.8 5.68115234375
1.85 6.408203125
1.9 6.29638671875
1.95 7.12890625
2.0 6.83544921875
2.05 7.32666015625
2.1 7.4775390625
2.15 7.44287109375
2.2 8.22265625
2.25 8.015625
2.3 8.69091796875
2.35 8.5859375
2.4 8.955078125
2.45 8.93994140625
2.5 9.271484375
2.55 9.13916015625
2.6 9.36474609375
2.65 9.40185546875
2.7 9.4228515625
2.75 9.64550781251
2.8 9.65527343751
2.85 9.87451171875
2.9 9.87939453125
2.95 9.99755859375
3.0 9.99755859375
3.05 10.0
3.1 10.0
3.15 10.0
3.2 10.0
3.25 10.0
3.3 10.0
3.35 10.0
3.4 10.0
3.45 10.0
3.5 10.0
3.55 10.0
3.6 10.0
3.65 10.0
3.7 10.0
3.75 10.0
3.8 10.0
3.85 10.0
3.9 10.0
3.95 10.0
4.0 10.0
4.05 10.0
4.1 10.0
4.15 10.0
4.2 10.0
4.25 10.0
4.3 10.0
4.35 10.0
4.4 10.0
4.45 10.0
4.5 10.0
4.55 10.0
4.6 10.0
4.65 10.0
4.7 10.0
4.75 10.0
4.8 10.0
4.85 10.0
4.9 10.0
4.95 10.0
5.0 10.0
5.05 9.99755859375
5.1 9.8681640625
5.15 9.8681640625
5.2 9.86083984375
5.25 9.8349609375
5.3 9.96435546875
5.35 9.96435546875
5.4 9.9716796875
5.45 10.0
5.5 10.0
5.55 10.0
5.6 10.0
5.65 10.0
5.7 10.0
5.75 10.0
5.8 10.0
5.85 10.0
5.9 10.0
5.95 10.0
6.0 10.0
6.05 10.0
6.1 10.0
6.15 10.0
6.2 10.0
6.25 10.0
6.3 10.0
6.35 10.0
6.4 10.0
6.45 10.0
6.5 10.0
6.55 10.0
6.6 10.0
6.65 10.0
6.7 10.0
6.75 10.0
6.8 10.0
6.85 10.0
6.9 10.0
6.95 10.0
7.0 10.0
7.05 10.0
7.1 10.0
7.15 10.0
7.2 10.0
7.25 10.0
7.3 10.0
7.35 10.0
7.4 10.0
7.45 10.0
7.5 10.0
7.55 10.0
7.6 10.0
7.65 10.0
7.7 10.0
7.75 10.0
7.8 10.0
7.85 10.0
7.9 10.0
7.95 10.0
8.0 10.0
8.05 10.0
8.1 10.0
8.15 10.0
8.2 10.0
8.25 10.0
8.3 10.0
8.35 10.0
8.4 10.0
8.45 10.0
8.5 10.0
8.55 10.0
8.6 10.0
8.65 10.0
8.7 10.0
8.75 10.0
8.8 10.0
8.85 10.0
8.9 10.0
8.95 10.0
9.0 10.0
9.05 10.0
9.1 10.0
9.15 10.0
9.2 10.0
9.25 10.0
9.3 10.0
9.35 10.0
9.4 10.0
9.45 10.0
9.5 10.0
9.55 10.0
9.6 10.0
9.65 10.0
9.7 10.0
9.75 10.0
9.8 10.0
9.85 10.0
9.9 10.0
9.95 10.0
10.0 10.0
10.05 9.791015625
10.1 9.6494140625
10.15 9.6298828125
10.2 9.31005859375
10.25 9.02099609375
10.3 8.9794921875
10.35 8.0859375
10.4 7.9248046875
10.45 7.67089843751
10.5 7.00439453125
10.55 7.30371093739
10.6 6.88232421876
10.65 6.90087890613
10.7 6.65771484376
10.75 6.44042968749
10.8 6.35156249987
10.85 6.05566406263
10.9 6.26220703126
10.95 5.99462890639
11.0 5.93749999999
11.05 5.89355468751
11.1 5.67773437484
11.15 5.64843749984
11.2 5.58203125017
11.25 5.46875000001
11.3 5.44531250017
11.35 5.41455078142
11.4 5.27343750001
11.45 5.27490234356
11.5 5.13916015626
11.55 5.05175781231
11.6 5.0917968748
11.65 5.02441406249
11.7 5.04248046875
11.75 4.98535156249
11.8 4.87646484397
11.85 4.89990234374
11.9 4.85253906251
11.95 4.87646484398
12.0 4.84521484351
12.05 4.79101562524
12.1 4.73046874976
12.15 4.67187499975
12.2 4.6918945315
12.25 4.61181640626
12.3 4.60693359374
12.35 4.56884765652
12.4 4.57910156251
12.45 4.60693359376
12.5 4.59326171903
12.55 4.60351562472
12.6 4.63867187501
12.65 4.55810546876
12.7 4.53759765595
12.75 4.5566406253
12.8 4.4374999997
12.85 4.51318359344
12.9 4.51757812531
12.95 4.41552734343
13.0 4.44091796874
13.05 4.44091796874
13.1 4.40820312467
13.15 4.47753906249
13.2 4.44921875034
13.25 4.40185546874
13.3 4.44091796874
13.35 4.45996093785
13.4 4.42138671876
13.45 4.44677734411
13.5 4.46142578162
13.55 4.42187499964
13.6 4.45214843713
13.65 4.47412109337
13.7 4.42871093751
13.75 4.40185546874
13.8 4.42480468789
13.85 4.36035156249
13.9 4.39306640626
13.95 4.44091796874
14.0 4.37646484334
14.05 4.39941406249
14.1 4.39990234334
14.15 4.37109375042
14.2 4.46875000043
14.25 4.43701171918
14.3 4.43457031294
14.35 4.42529296831
14.4 4.37158203081
14.45 4.39453125001
14.5 4.36425781205
14.55 4.36132812546
14.6 4.36035156249
14.65 4.32763671829
14.7 4.39453124999
14.75 4.35693359328
14.8 4.37597656298
14.85 4.37841796923
14.9 4.31884765625
14.95 4.83496093799
15.0 4.88183593701
15.05 4.86083984376
15.1 4.91943359374
15.15 4.37158203074
15.2 4.37744140624
15.25 4.40332031199
15.3 4.24658203177
15.35 4.35302734374
15.4 4.24072265624
15.45 4.27246093749
15.5 4.31640625001
15.55 4.28320312554
15.6 4.29296875055
15.65 4.27734374999
15.7 4.34570312501
15.75 4.31152343751
15.8 4.35791015626
15.85 4.34423828182
15.9 4.31103515625
15.95 4.31298828068
16.0 4.30419921876
16.05 4.28857421817
16.1 4.33056640567
16.15 4.36865234434
16.2 4.36035156251
16.25 4.39697265624
16.3 4.38085937561
16.35 4.34960937439
16.4 4.39453125001
16.45 4.39941406249
16.5 4.40429687501
16.55 4.39306640688
16.6 4.39208984376
16.65 4.36035156249
16.7 4.35058593751
16.75 4.36181640561
16.8 4.36279296876
16.85 4.33691406315
16.9 4.33740234309
16.95 4.39062500066
17.0 4.39111328058
17.05 4.38525390626
17.1 4.37841796943
17.15 4.36425781182
17.2 4.28222656249
17.25 4.35156249932
17.3 4.37646484306
17.35 4.33447265695
17.4 4.39208984374
17.45 4.35888671946
17.5 4.31884765624
17.55 4.36376953125
17.6 4.35400390697
17.65 4.35449218678
17.7 4.36621093823
17.75 4.29492187427
17.8 4.32275390552
17.85 4.27832031324
17.9 4.23095703126
17.95 4.33203125075
18.0 4.23828124999
18.05 4.31298828049
18.1 4.35205078049
18.15 4.27734375001
18.2 4.35302734374
18.25 4.27734374999
18.3 4.31396484374
18.35 4.38134765547
18.4 4.34912109454
18.45 4.39697265624
18.5 4.36376953205
18.55 4.3222656258
18.6 4.34570312501
18.65 4.32128906249
18.7 4.35205078044
18.75 4.32373046876
18.8 4.29833984293
18.85 4.30029296958
18.9 4.27490234374
18.95 4.30078124917
19.0 4.35546874999
19.05 4.37158203041
19.1 4.3540039071
19.15 4.3598632821
19.2 4.31884765624
19.25 4.31640624999
19.3 4.28124999914
19.35 4.23974609376
19.4 4.24902343837
19.45 4.25878906338
19.5 4.31640624999
19.55 4.34570312501
19.6 4.30078124911
19.65 4.26025390626
19.7 4.27246093749
19.75 4.3203124991
19.8 4.31884765624
19.85 4.36279296876
19.9 4.29296875092
19.95 4.86083984374
20.0 5.01464843749
20.05 4.85839843751
20.1 5.02099609282
20.15 4.34082031249
20.2 4.16601562594
20.25 4.30322265531
20.3 4.02441406345
20.35 4.10156249999
20.4 4.11279296779
20.45 4.03906250097
20.5 4.12109375001
20.55 3.98925781249
20.6 3.85742187499
20.65 3.85253906251
20.7 3.78173828126
20.75 3.68408203124
20.8 3.81835937499
20.85 3.66699218751
20.9 3.64746093751
20.95 3.73144531351
21.0 3.57177734374
21.05 3.49853515626
21.1 3.59521484273
21.15 3.48388671876
21.2 3.36669921874
21.25 3.54638671772
21.3 3.32763671874
21.35 3.33154296771
21.4 3.44238281249
21.45 3.24218749999
21.5 3.36669921874
21.55 3.28124999999
21.6 3.16162109374
21.65 3.32519531249
21.7 3.20166015732
21.75 3.18457031358
21.8 3.27734375108
21.85 3.22753906249
21.9 3.15673828126
21.95 3.19091796876
22.0 3.15820312391
22.05 3.08447265735
22.1 3.1923828114
22.15 3.21191406139
22.2 3.13818359487
22.25 3.11425781138
22.3 3.07617187499
22.35 3.03466796874
22.4 3.05419921876
22.45 3.11035156249
22.5 3.09912109489
22.55 3.08300781364
22.6 3.12255859376
22.65 3.07128906249
22.7 3.01269531251
22.75 3.06152343751
22.8 3.05078124884
22.85 3.03320312617
22.9 3.01904296758
22.95 2.98632812383
23.0 2.99658203244
23.05 3.04199218751
23.1 3.06494140745
23.15 3.03222656249
23.2 3.02392578005
23.25 2.99316406251
23.3 3.02490234376
23.35 3.06884765624
23.4 3.00634765747
23.45 3.01171874878
23.5 3.03613281128
23.55 2.99902343873
23.6 3.01416015502
23.65 2.98583984374
23.7 2.98583984374
23.75 2.98242187376
23.8 2.98828124999
23.85 2.97216797001
23.9 2.95410156249
23.95 3.02246093749
24.0 3.02832031377
24.05 3.11035156251
24.1 3.02978515624
24.15 3.01855468879
24.2 3.06787109247
24.25 2.96777343621
24.3 2.98828124999
24.35 2.96044921745
24.4 2.94287109506
24.45 2.95166015624
24.5 2.98583984374
24.55 3.06884765624
24.6 2.96386718751
24.65 3.00146484508
24.7 3.06396484374
24.75 3.02978515624
24.8 3.09716796741
24.85 3.08984374866
24.9 3.03466796876
24.95 3.43847656386
25.0 3.60351562499
25.05 3.57031250136
25.1 3.60107421873
25.15 3.19238281113
25.2 3.03222656249
25.25 3.10205077988
25.3 3.07958984514
25.35 3.06250000139
25.4 3.02978515624
25.45 2.95166015624
25.5 3.01513671876
25.55 2.9580078111
25.6 2.98925781391
25.65 3.02734374999
25.7 2.95410156251
25.75 3.02734374999
25.8 3.03222656251
25.85 3.03320312643
25.9 3.02636718607
25.95 2.95166015624
26.0 2.98486327981
26.05 2.98583984376
26.1 3.02734374999
26.15 3.02734374999
26.2 2.99072265624
26.25 3.02880859229
26.3 3.03222656249
26.35 2.99072265624
26.4 3.02734374999
26.45 3.03320312648
26.5 2.98828124999
26.55 3.06396484374
26.6 3.03222656249
26.65 3.06298827976
26.7 3.03076172026
26.75 2.99560546874
26.8 3.02246093749
26.85 2.99072265624
26.9 3.03124999848
26.95 3.02490234374
27.0 3.01123047028
27.05 2.95166015624
27.1 2.98583984374
27.15 3.02734374999
27.2 2.97021484221
27.25 3.02734374999
27.3 2.99072265624
27.35 3.03564453281
27.4 3.03564453282
27.45 2.98583984374
27.5 2.98828124999
27.55 2.94189453126
27.6 2.99560546876
27.65 2.99072265624
27.7 2.99072265624
27.75 2.95654296876
27.8 2.90771484376
27.85 2.98583984374
27.9 2.94677734374
27.95 2.97998046714
28.0 3.05175781251
28.05 2.98828124999
28.1 3.01855468913
28.15 3.02978515624
28.2 2.99218749837
28.25 2.94921874999
28.3 3.03369140461
28.35 3.06884765624
28.4 2.99072265624
28.45 3.08447265791
28.5 2.99072265624
28.55 2.95410156249
28.6 2.98828124999
28.65 2.97265624833
28.7 2.95751953293
28.75 3.02099609543
28.8 3.06640624999
28.85 2.99316406249
28.9 3.05810546706
28.95 2.99218749831
29.0 2.99072265624
29.05 3.04785156421
29.1 2.95751953296
29.15 2.98828124999
29.2 3.02734374999
29.25 3.04589843578
29.3 3.04199218751
29.35 3.01123047048
29.4 2.98583984374
29.45 2.94921874999
29.5 3.01171874826
29.55 3.00683593575
29.6 2.97705078301
29.65 2.94921874999
29.7 2.94677734374
29.75 2.94921874999
29.8 2.96044921698
29.85 2.98828124999
