0.1 0.059375
0.15 0.0
0.2 0.0
0.25 0.0
0.3 0.0
0.35 0.0
0.4 0.0
0.45 0.0
0.5 0.0
0.55 0.0
0.6 0.0
0.65 0.0
0.7 0.0
0.75 0.0
0.8 0.0
0.85 0.0
0.9 0.0
0.95 0.0
1.0 0.0
1.05 0.0
1.1 0.0
1.15 0.0
1.2 0.0
1.25 0.0
1.3 0.0
1.35 0.0
1.4 0.0
1.45 0.0
1.5 0.0
1.55 0.0
1.6 0.00468750000006
1.65 0.0146484375
1.7 0.015869140625
1.75 0.0517578125
1.8 0.0470703124999
1.85 0.0927734374999
1.9 0.0922851562499
1.95 0.109619140625
2.0 0.109765625
2.05 0.0733886718753
2.1 0.0893066406256
2.15 0.0434082031254
2.2 0.0677246093766
2.25 0.0623535156266
2.3 0.0784667968784
2.35 0.0867675781284
2.4 0.116113281253
2.45 0.122460937503
2.5 0.130468750001
2.55 0.144140625001
2.6 0.112548828125
2.65 0.140869140626
2.7 0.12451171875
2.75 0.151855468751
2.8 0.189355468751
2.85 0.201171875001
2.9 0.251220703126
2.95 0.280517578126
3.0 0.314697265626
3.05 0.367187500001
3.1 0.409179687501
3.15 0.447412109376
3.2 0.481201171876
3.25 0.483642578127
3.3 0.481933593752
3.35 0.481933593751
3.4 0.476806640626
3.45 0.483544921875
3.5 0.487792968752
3.55 0.477880859378
3.6 0.475341796876
3.65 0.471679687501
3.7 0.468750000002
3.75 0.472900390627
3.8 0.468994140626
3.85 0.460449218751
3.9 0.455566406252
3.95 0.446289062502
4.0 0.439941406251
4.05 0.440917968751
4.1 0.439697265627
4.15 0.440429687502
4.2 0.451025390629
4.25 0.457519531251
4.3 0.455224609373
4.35 0.459472656252
4.4 0.447509765627
4.45 0.440429687501
4.5 0.442871093751
4.55 0.439453125002
4.6 0.440429687502
4.65 0.439697265626
4.7 0.439208984376
4.75 0.443603515627
4.8 0.449951171877
4.85 0.460937500001
4.9 0.460449218751
4.95 1.67255859372
5.0 3.12290039063
5.05 3.08051757814
5.1 3.06035156252
5.15 1.77539062504
5.2 0.263037109381
5.25 0.231787109381
5.3 0.192382812496
5.35 0.209716796876
5.4 0.242919921876
5.45 0.290771484371
5.5 0.341552734376
5.55 0.381347656251
5.6 0.407226562501
5.65 0.424072265626
5.7 0.426513671876
5.75 0.434082031252
5.8 0.423583984377
5.85 0.413330078132
5.9 0.414550781251
5.95 0.40063476562
6.0 0.393798828126
6.05 0.394042968751
6.1 0.390625000001
6.15 0.400146484376
6.2 0.407958984376
6.25 0.410156250001
6.3 0.399658203126
6.35 0.393798828126
6.4 0.386230468751
6.45 0.377441406251
6.5 0.382568359384
6.55 0.381347656251
6.6 0.380859375001
6.65 0.380859375001
6.7 0.379882812501
6.75 0.380126953126
6.8 0.381103515618
6.85 0.381103515626
6.9 0.382080078126
6.95 0.381591796876
7.0 0.380615234376
7.05 0.380615234376
7.1 0.380371093751
7.15 0.38037109376
7.2 0.382080078126
7.25 0.392089843751
7.3 0.398437500001
7.35 0.404541015626
7.4 0.412353515626
7.45 0.400390625001
7.5 0.389892578126
7.55 0.381835937501
7.6 0.383300781251
7.65 0.393066406241
7.7 0.405517578126
7.75 0.414550781252
7.8 0.411376953126
7.85 0.413085937501
7.9 0.408447265626
7.95 0.402343749995
8.0 0.394531249989
8.05 0.385253906232
8.1 0.382080078099
8.15 0.381591796848
8.2 0.383056640608
8.25 0.384277343725
8.3 0.385253906223
8.35 0.384521484348
8.4 0.382812499973
8.45 0.3820800781
8.5 0.381103515592
8.55 0.381347656223
8.6 0.380126953098
8.65 0.389648437475
8.7 0.397949218725
8.75 0.403564453098
8.8 0.412109374973
8.85 0.408935546852
8.9 0.402587890599
8.95 0.397216796848
9.0 0.391357421848
9.05 0.385986328098
9.1 0.385253906225
9.15 0.387451171848
9.2 0.387207031223
9.25 0.386718749973
9.3 0.387207031225
9.35 0.386718749973
9.4 0.387207031223
9.45 0.392333984348
9.5 0.3977050781
9.55 0.401855468726
9.6 0.402587890598
9.65 0.396972656223
9.7 0.3898925781
9.75 0.384765624975
9.8 0.381347656223
9.85 0.380126953098
9.9 0.3830566406
9.95 1.56166992188
10.0 2.83837890621
10.05 2.81254882809
10.1 2.79277343746
10.15 1.53774414056
10.2 0.182177734365
10.25 0.123730468749
10.3 0.0473144531246
10.35 0.0314453124999
10.4 0.01923828125
10.45 0.0111328125
10.5 0.010888671875
10.55 0.0106445312505
10.6 0.0137207031256
10.65 0.0179687500004
10.7 0.0179687500004
10.75 0.0213867187499
10.8 0.0187988281255
10.85 0.013623046876
10.9 0.013134765626
10.95 0.00703125000192
11.0 0.00410156250116
11.05 0.00390625000075
11.1 0.0032226562517
11.15 0.00395507812588
11.2 0.00424804687679
11.25 0.00366210937699
11.3 0.00361328125106
11.35 0.00229492187653
11.4 0.00229492187653
11.45 0.00278320312653
11.5 0.00327148437652
11.55 0.00351562500125
11.6 0.00322265625034
11.65 0.00273437500034
11.7 0.00278320312626
11.75 0.00239257812607
11.8 0.00229492187653
11.85 0.0020507812518
11.9 0.00156250000181
11.95 0.00131835937681
12.0 0.00166015625135
12.05 0.00200195312589
12.1 0.00146484374998
12.15 0.00185546875043
12.2 0.00136718750044
12.25 0.00112304687544
12.3 0.00112304687544
12.35 0.000878906250179
12.4 0.00112304687518
12.45 0.00112304687518
12.5 0.00117187500109
12.55 0.00166015625162
12.6 0.0017089843778
12.65 0.00209960937981
12.7 0.00268554687934
12.75 0.00283203125426
12.8 0.00278320312937
12.85 0.00263671875391
12.9 0.00249023437846
12.95 0.00209960937827
13.0 0.00239257812763
13.05 0.00229492187653
13.1 0.00166015625237
13.15 0.00190429687737
13.2 0.00229492187782
13.25 0.00253906250255
13.3 0.00307617187717
13.35 0.00371093750391
13.4 0.0035156250028
13.45 0.00380859375298
13.5 0.00366210937752
13.55 0.00307617187772
13.6 0.00249023437819
13.65 0.00180664062783
13.7 0.00219726562828
13.75 0.00346679687587
13.8 0.00322265625087
13.85 0.00297851562587
13.9 0.00273437500088
13.95 0.000927734376095
14.0 0.00166015625082
14.05 0.00190429687581
14.1 0.00234375000118
14.15 0.00219726562599
14.2 0.001464843751
14.25 0.00180664062656
14.3 0.00102539062666
14.35 0.00205078125256
14.4 0.00205078125282
14.45 0.00209960937745
14.5 0.00224609375264
14.55 0.00122070312674
14.6 0.00107421875128
14.65 0.00078125000166
14.7 0.00146484375202
14.75 0.00239257812838
14.8 0.00263671875338
14.85 0.00292968750327
14.9 0.00312500000262
14.95 0.0878417973689
15.0 0.0917968755436
15.05 0.0914062505432
15.1 0.0905761724173
15.15 0.00551757817575
15.2 0.00219726562626
15.25 0.00209960937645
15.3 0.0019042968771
15.35 0.00239257812677
15.4 0.00175781250269
15.45 0.00214843750395
15.5 0.00219726562913
15.55 0.00136718750338
15.6 0.00112304687728
15.65 0.000585937500821
15.7 0.000732421874989
15.75 0.000830078125817
15.8 0.001464843751
15.85 0.00229492187782
15.9 0.0020019531292
15.95 0.00209960937974
16.0 0.00161132813002
16.05 0.000781250003197
16.1 0.00175781250238
16.15 0.002294921876
16.2 0.00268554687645
16.25 0.003027343752
16.3 0.00234375000144
16.35 0.00136718750145
16.4 0.00146484375099
16.45 0.00200195312663
16.5 0.00175781250164
16.55 0.00249023437663
16.6 0.00307617187616
16.65 0.00283203125015
16.7 0.00258789062515
16.75 0.00234375000016
16.8 0.00278320312626
16.85 0.00229492187653
16.9 0.00253906250357
16.95 0.00273437500521
17.0 0.00136718750504
17.05 0.00141601562994
17.1 0.00180664062835
17.15 0.00112304687672
17.2 0.0013183593758
17.25 0.00166015625135
17.3 0.00151367187589
17.35 0.00190429687635
17.4 0.00239257812634
17.45 0.00185546875043
17.5 0.00161132812543
17.55 0.00175781250062
17.6 0.00122070312626
17.65 0.00185546875272
17.7 0.00200195312791
17.75 0.00146484375227
17.8 0.00249023437663
17.85 0.00209960937516
17.9 0.00234375000042
17.95 0.00302734375152
18.0 0.00205078125154
18.05 0.00205078125154
18.1 0.00190429687608
18.15 0.00297851562561
18.2 0.00263671875107
18.25 0.00322265625289
18.3 0.00288085937836
18.35 0.00200195313047
18.4 0.00239257813066
18.45 0.00205078125383
18.5 0.0024414062543
18.55 0.00219726562701
18.6 0.00249023437792
18.65 0.00239257812838
18.7 0.00288085937862
18.75 0.00263671875336
18.8 0.00209960937745
18.85 0.00234375000373
18.9 0.00156250000384
18.95 0.00170898437956
19.0 0.00209960938054
19.05 0.00205078125463
19.1 0.00219726562982
19.15 0.00224609375547
19.2 0.00156250000384
19.25 0.00122070312802
19.3 0.00112304687693
19.35 0.000830078126022
19.4 0.002294921876
19.45 0.00249023437663
19.5 0.00268554687699
19.55 0.00288085937633
19.6 0.00141601562635
19.65 0.00161132812746
19.7 0.00195312500306
19.75 0.00219726562806
19.8 0.00244140625306
19.85 0.00219726562678
19.9 0.00161132812616
19.95 0.113476562868
20.0 0.124365234744
20.05 0.123974609743
20.1 0.124267578493
20.15 0.0116699218758
20.2 0.00122070312605
20.25 0.00195312500104
20.3 0.00166015625039
20.35 0.00317382813476
20.4 0.00249023438435
20.45 0.00224609375936
20.5 0.00200195313436
20.55 0.000488281249993
20.6 0.000488281249993
20.65 0.0
20.7 0.000146484375882
20.75 0.000537109376761
20.8 0.000537109376761
20.85 0.000537109376761
20.9 0.000634765625875
20.95 0.000244140624996
21.0 0.000488281249993
21.05 0.000488281249993
21.1 0.000390625000932
21.15 0.000634765625929
21.2 0.000390625000932
21.25 0.00122070312967
21.3 0.00131835937873
21.35 0.00156250000373
21.4 0.00195312500466
21.45 0.00200195312685
21.5 0.00268554687965
21.55 0.00219726562966
21.6 0.00205078125372
21.65 0.00166015625279
21.7 0.00122070312498
21.75 0.00136718750092
21.8 0.00112304687592
21.85 0.000634765625929
21.9 0.000390625000932
21.95 0.000244140624996
22.0 0.0009277343778
22.05 0.00122070312967
22.1 0.00195312500466
22.15 0.00195312500466
22.2 0.00126953125186
22.25 0.00122070312498
22.3 0.000244140624996
22.35 0.000244140624996
22.4 0.000390625000932
22.45 0.000292968751872
22.5 0.000292968751872
22.55 0.000439453127807
22.6 0.0009277343778
22.65 0.0009277343778
22.7 0.00141601562779
22.75 0.00141601562779
22.8 0.000781250001864
22.85 0.000634765625929
22.9 0.000439453127807
22.95 0.000292968751872
23.0 0.000537109376868
23.05 0.00107421875374
23.1 0.0009277343778
23.15 0.0009277343778
23.2 0.00083007812874
23.25 0.000292968751872
23.3 0.000292968751872
23.35 0.000292968751872
23.4 0.000146484375936
23.45 0.000146484375936
23.5 0.000537109376868
23.55 0.000537109376868
23.6 0.000537109376868
23.65 0.000683593752804
23.7 0.000292968751872
23.75 0.000292968751872
23.8 0.000292968751872
23.85 0.000292968751872
23.9 0.000146484375936
23.95 0.000439453127807
24.0 0.000439453127807
24.05 0.000292968751872
24.1 0.000439453127807
24.15 0.000439453127807
24.2 0.000439453127807
24.25 0.000683593752804
24.3 0.000683593752804
24.35 0.000634765625929
24.4 0.000781250001864
24.45 0.000537109376868
24.5 0.000537109376868
24.55 0.000292968751872
24.6 0.000390625000932
24.65 0.000390625000932
24.7 0.000244140624996
24.75 0.000390625000932
24.8 0.000292968751872
24.85 0.000439453127807
24.9 0.000439453127807
24.95 0.038964843618
25.0 0.0420898436181
25.05 0.0421874998671
25.1 0.0429199217421
25.15 0.00424804687603
25.2 0.000976562499986
25.25 0.000878906250925
25.3 0.000146484375936
25.35 0.000146484375936
25.4 0.000292968751872
25.45 0.000146484375936
25.5 0.000634765625929
25.55 0.000781250001864
25.6 0.000634765625929
25.65 0.000634765625929
25.7 0.000146484375936
25.75 0.000244140624996
25.8 0.000488281249993
25.85 0.000732421874989
25.9 0.000732421874989
25.95 0.000634765625929
26.0 0.000390625000932
26.05 0.00102539062686
26.1 0.00126953125186
26.15 0.00175781250185
26.2 0.00239257812778
26.25 0.00151367187685
26.3 0.00288085937777
26.35 0.00249023437684
26.4 0.00200195312685
26.45 0.00249023437684
26.5 0.000878906250925
26.55 0.000634765625929
26.6 0.000732421874989
26.65 0.000488281249993
26.7 0.000878906250925
26.75 0.000878906250925
26.8 0.000634765625929
26.85 0.00126953125186
26.9 0.00112304687592
26.95 0.00166015625279
27.0 0.00195312500466
27.05 0.00107421875374
27.1 0.00083007812874
27.15 0.000292968751872
27.2 0.0
27.25 0.00200195312685
27.3 0.00200195312685
27.35 0.00278320312871
27.4 0.00307617188058
27.45 0.00146484375467
27.5 0.0027832031334
27.55 0.00224609375653
27.6 0.00244140625465
27.65 0.00292968750465
27.7 0.00175781250185
27.75 0.00151367187685
27.8 0.0011718750028
27.85 0.000292968751872
27.9 0.000292968751872
27.95 0.000292968751872
28.0 0.000146484375936
28.05 0.000537109376868
28.1 0.000683593752804
28.15 0.000683593752804
28.2 0.00107421875374
28.25 0.000683593752804
28.3 0.000537109376868
28.35 0.000537109376868
28.4 0.0009277343778
28.45 0.0011718750028
28.5 0.00141601562779
28.55 0.00141601562779
28.6 0.000634765625929
28.65 0.000634765625929
28.7 0.000390625000932
28.75 0.000537109376868
28.8 0.000537109376868
28.85 0.000683593752804
28.9 0.000683593752804
28.95 0.0009277343778
29.0 0.0009277343778
29.05 0.000537109376868
29.1 0.000537109376868
29.15 0.000146484375936
29.2 0.000146484375936
29.25 0.000390625000932
29.3 0.000244140624996
29.35 0.000244140624996
29.4 0.000634765625929
29.45 0.000537109376868
29.5 0.000537109376868
29.55 0.000537109376868
29.6 0.000146484375936
29.65 0.000439453127807
29.7 0.000585937503743
29.75 0.000585937503743
29.8 0.000732421879679
29.85 0.000732421879679
