0.1 0.03984375
0.15 0.0
0.2 0.0
0.25 0.0
0.3 0.0
0.35 0.0
0.4 0.0
0.45 0.0
0.5 0.0
0.55 0.0
0.6 0.0
0.65 0.0
0.7 0.0
0.75 0.0
0.8 0.0
0.85 0.0
0.9 0.0
0.95 0.0
1.0 0.0
1.05 0.0
1.1 0.0
1.15 0.0
1.2 0.0
1.25 0.0
1.3 0.0
1.35 0.0
1.4 0.0
1.45 0.0
1.5 0.0
1.55 0.0004638671875
1.6 0.000567626953124
1.65 0.00148620605468
1.7 0.00205383300781
1.75 0.00287780761718
1.8 0.00410766601562
1.85 0.00607299804686
1.9 0.00777893066405
1.95 0.0110656738281
2.0 0.0127685546875
2.05 0.0128875732422
2.1 0.0148071289063
2.15 0.0146484375
2.2 0.0156890869141
2.25 0.0173431396484
2.3 0.0189361572265
2.35 0.0231994628907
2.4 0.0295654296874
2.45 0.0317413330078
2.5 0.0301940917968
2.55 0.0303253173825
2.6 0.0302154541015
2.65 0.0328247070311
2.7 0.0383483886717
2.75 0.0412933349609
2.8 0.0433715820307
2.85 0.0461212158202
2.9 0.0486877441405
2.95 0.0492614746095
3.0 0.0491790771491
3.05 0.0492767333991
3.1 0.04926147461
3.15 0.04926147461
3.2 0.04926147461
3.25 0.0492767333991
3.3 0.04926147461
3.35 0.04926147461
3.4 0.04926147461
3.45 0.0492767333991
3.5 0.04926147461
3.55 0.04926147461
3.6 0.04926147461
3.65 0.0492706298834
3.7 0.0492614746101
3.75 0.04926147461
3.8 0.04926147461
3.85 0.04926147461
3.9 0.0492767333991
3.95 0.04926147461
4.0 0.04926147461
4.05 0.04926147461
4.1 0.0492767333991
4.15 0.04926147461
4.2 0.04926147461
4.25 0.04926147461
4.3 0.0492767333991
4.35 0.04926147461
4.4 0.04926147461
4.45 0.04926147461
4.5 0.0492706298833
4.55 0.0492614746103
4.6 0.04926147461
4.65 0.04926147461
4.7 0.04926147461
4.75 0.0492767333991
4.8 0.04926147461
4.85 0.04926147461
4.9 0.04926147461
4.95 0.299850463875
5.0 0.46669921876
5.05 0.464782714854
5.1 0.460736083995
5.15 0.206796264652
5.2 0.0413513183599
5.25 0.0428192138674
5.3 0.0477813720703
5.35 0.0520477294922
5.4 0.0515747070316
5.45 0.0529388427741
5.5 0.0529388427741
5.55 0.0529388427741
5.6 0.0529388427741
5.65 0.0529388427741
5.7 0.0529388427741
5.75 0.0529479980479
5.8 0.0529388427741
5.85 0.0529388427741
5.9 0.0529388427741
5.95 0.0529541015632
6.0 0.0529388427741
6.05 0.0529388427741
6.1 0.0529388427741
6.15 0.0529541015628
6.2 0.0529388427741
6.25 0.0529388427741
6.3 0.0529388427741
6.35 0.0529388427741
6.4 0.0529388427741
6.45 0.0529388427741
6.5 0.0529388427741
6.55 0.0529388427741
6.6 0.052947998048
6.65 0.0529388427741
6.7 0.0529388427741
6.75 0.0529388427741
6.8 0.0529541015632
6.85 0.0529388427741
6.9 0.0529388427741
6.95 0.0529388427741
7.0 0.0529541015626
7.05 0.0529388427741
7.1 0.0529388427741
7.15 0.0529388427741
7.2 0.0529388427741
7.25 0.0529388427741
7.3 0.0529388427741
7.35 0.0529388427741
7.4 0.0529388427741
7.45 0.0529479980481
7.5 0.0529388427741
7.55 0.0529388427741
7.6 0.0529388427741
7.65 0.0529541015632
7.7 0.0529388427741
7.75 0.0529388427741
7.8 0.0529388427741
7.85 0.0529541015625
7.9 0.0529388427741
7.95 0.0529388427737
8.0 0.0529388427733
8.05 0.0529388427729
8.1 0.0529388427725
8.15 0.0529388427724
8.2 0.0529388427724
8.25 0.0529388427724
8.3 0.0529479980463
8.35 0.0529388427724
8.4 0.0529388427724
8.45 0.0529388427724
8.5 0.0529541015614
8.55 0.0529388427724
8.6 0.0529388427724
8.65 0.0529388427724
8.7 0.0529541015611
8.75 0.0529388427724
8.8 0.0529388427724
8.85 0.0529388427724
8.9 0.0529388427724
8.95 0.0529388427724
9.0 0.0529388427724
9.05 0.0529388427724
9.1 0.0529388427724
9.15 0.0529479980459
9.2 0.0529388427724
9.25 0.0529388427724
9.3 0.0529388427724
9.35 0.0529541015614
9.4 0.0529388427724
9.45 0.0529388427724
9.5 0.0529388427724
9.55 0.0529541015614
9.6 0.0529388427724
9.65 0.0529388427724
9.7 0.0529388427724
9.75 0.0529388427726
9.8 0.0529388427724
9.85 0.0529388427724
9.9 0.0529388427724
9.95 0.287966918933
10.0 0.425976562485
10.05 0.42024841307
10.1 0.415460205062
10.15 0.173883056635
10.2 0.0277496337862
10.25 0.0246887207002
10.3 0.0218597412089
10.35 0.0198944091774
10.4 0.0187744140603
10.45 0.0177398681618
10.5 0.0149230957021
10.55 0.014279174802
10.6 0.0140716552722
10.65 0.0135681152325
10.7 0.0128173828092
10.75 0.0110290527327
10.8 0.0097229003882
10.85 0.00870361327979
10.9 0.00995178222502
10.95 0.0098937988266
11.0 0.00931091308451
11.05 0.00968017577975
11.1 0.00885314941265
11.15 0.00867309570183
11.2 0.0081604003894
11.25 0.00773315429676
11.3 0.00736389160035
11.35 0.0076690673815
11.4 0.00809326171735
11.45 0.0084136962866
11.5 0.00878601074074
11.55 0.00867004394386
11.6 0.00868530273287
11.65 0.00794372558449
11.7 0.00685729980342
11.75 0.00583801269417
11.8 0.00647888183477
11.85 0.00669860839728
11.9 0.00809936523316
11.95 0.00816345214706
12.0 0.00699462890502
12.05 0.00684204101439
12.1 0.00574340820195
12.15 0.00557861328031
12.2 0.00591125488181
12.25 0.00622558593636
12.3 0.00618591308481
12.35 0.0071319580066
12.4 0.00729980468801
12.45 0.00755310058474
12.5 0.00787048339728
12.55 0.0076873779285
12.6 0.00716247558311
12.65 0.0069549560536
12.7 0.00584411620963
12.75 0.00538024902218
12.8 0.00620117187373
12.85 0.00558166503786
12.9 0.00657348632697
12.95 0.00636291503793
13.0 0.00626525878789
13.05 0.00696411132695
13.1 0.00647888183491
13.15 0.00611267089731
13.2 0.00528259277239
13.25 0.00532836913956
13.3 0.00485229492093
13.35 0.00522766113209
13.4 0.005569458007
13.45 0.00466918945232
13.5 0.0055450439443
13.55 0.00523681640521
13.6 0.00499877929595
13.65 0.00470886230387
13.7 0.00361633300705
13.75 0.0044219970694
13.8 0.00469055175689
13.85 0.00621643066301
13.9 0.00689086913957
13.95 0.00613708495994
14.0 0.00518188476466
14.05 0.00412597656156
14.1 0.00493164062401
14.15 0.00569763183483
14.2 0.00662841797023
14.25 0.00724487304569
14.3 0.00571594238448
14.35 0.00592651367081
14.4 0.00518493651975
14.45 0.00415954589753
14.5 0.00466613769167
14.55 0.00377502441323
14.6 0.00426025390544
14.65 0.00462951660071
14.7 0.00422058105389
14.75 0.00497741699143
14.8 0.00532531738185
14.85 0.00468444824124
14.9 0.00554199218679
14.95 0.0233520508471
15.0 0.0292144775926
15.05 0.0296844482957
15.1 0.0296447754437
15.15 0.0109924316273
15.2 0.00513916015546
15.25 0.00560913085862
15.3 0.00471191406182
15.35 0.00574035644453
15.4 0.00541992187417
15.45 0.00461425781166
15.5 0.00568847656156
15.55 0.00401306152252
15.6 0.00367126464758
15.65 0.00391235351475
15.7 0.0034759521477
15.75 0.00453491210871
15.8 0.00497436523357
15.85 0.00546569824137
15.9 0.00519104003815
15.95 0.00531311035059
16.0 0.00469055175696
16.05 0.00427246093666
16.1 0.0048736572257
16.15 0.00476989746005
16.2 0.00517883301068
16.25 0.00542297363192
16.3 0.00591735839761
16.35 0.00527343749923
16.4 0.00573425292503
16.45 0.0060729980459
16.5 0.00498657226862
16.55 0.00602111816297
16.6 0.005776977538
16.65 0.00566101074116
16.7 0.00612182617092
16.75 0.00528564453029
16.8 0.00527648925687
16.85 0.00581359863184
16.9 0.00592041015125
16.95 0.0062683105458
17.0 0.00628662109274
17.05 0.0058135986319
17.1 0.0053466796866
17.15 0.00577087402258
17.2 0.00571289062406
17.25 0.00567932128803
17.3 0.0058715820301
17.35 0.00539855956927
17.4 0.00554504394437
17.45 0.00525207519441
17.5 0.00561218261641
17.55 0.00579528808511
17.6 0.00571289062871
17.65 0.0060882568351
17.7 0.00555419921793
17.75 0.00516052246016
17.8 0.00557250976017
17.85 0.00544738769912
17.9 0.00577697754278
17.95 0.00627746581921
18.0 0.00615234374892
18.05 0.00631713866605
18.1 0.0068634033144
18.15 0.00670166015512
18.2 0.00588073730371
18.25 0.00516967773343
18.3 0.00448608398355
18.35 0.00469665527253
18.4 0.0054870605508
18.45 0.00627441406151
18.5 0.0067321777334
18.55 0.0061035156241
18.6 0.00526733397856
18.65 0.00484619140537
18.7 0.00377502441323
18.75 0.00485229492094
18.8 0.00533142089753
18.85 0.00452880859296
18.9 0.00523986816319
18.95 0.00449523925706
19.0 0.00455932617099
19.05 0.00547485351455
19.1 0.00538940430123
19.15 0.00480041503813
19.2 0.00465393066314
19.25 0.00465698242096
19.3 0.00402832030628
19.35 0.00408325195214
19.4 0.0039703369131
19.45 0.0040283203171
19.5 0.00456237792862
19.55 0.00527343750459
19.6 0.00547180175695
19.65 0.00472412108742
19.7 0.00551452636634
19.75 0.00552978514978
19.8 0.00491943359292
19.85 0.00481567382732
19.9 0.00471801757811
19.95 0.0393829344717
20.0 0.0412231444151
20.05 0.0413604735167
20.1 0.0404724119927
20.15 0.00552368162251
20.2 0.00428771973158
20.25 0.00453491210834
20.3 0.00445251464656
20.35 0.00468749999732
20.4 0.00446777342856
20.45 0.00492248534738
20.5 0.00611572265054
20.55 0.005212402339
20.6 0.00479125976146
20.65 0.00465698241878
20.7 0.00305175781149
20.75 0.00293579101452
20.8 0.00346984863124
20.85 0.00272521972492
20.9 0.00252990722502
20.95 0.00282287597484
21.0 0.00224304199074
21.05 0.00230407714698
21.1 0.00351562499819
21.15 0.00384521484822
21.2 0.00404052734188
21.25 0.00425720214668
21.3 0.00346679687366
21.35 0.00359497069551
21.4 0.00333251953003
21.45 0.00343933105347
21.5 0.00381469726417
21.55 0.00414733886561
21.6 0.0044372558578
21.65 0.00444946288893
21.7 0.00363159179542
21.75 0.00285339355353
21.8 0.00314636230335
21.85 0.00261230468645
21.9 0.0035064697319
21.95 0.004333496092
22.0 0.00378417968604
22.05 0.00375976562348
22.1 0.00363159178879
22.15 0.00240783691307
22.2 0.00288085937371
22.25 0.00358581542823
22.3 0.00382995605323
22.35 0.00382385253767
22.4 0.0035919189441
22.45 0.00317993163941
22.5 0.0024566650379
22.55 0.0027282714831
22.6 0.00254516601434
22.65 0.00226135253801
22.7 0.00198059081932
22.75 0.00196838378818
22.8 0.00203857421793
22.85 0.0024475097644
22.9 0.00267028808477
22.95 0.00240478515514
23.0 0.00225219726452
23.05 0.00199890136631
23.1 0.00202026367094
23.15 0.00187683105381
23.2 0.00174865722574
23.25 0.00155334472586
23.3 0.00119628906185
23.35 0.00225219726451
23.4 0.00231933593632
23.45 0.00253906249876
23.5 0.00287475585815
23.55 0.00237731933495
23.6 0.002053833007
23.65 0.00231933593663
23.7 0.00304565429577
23.75 0.00313415527222
23.8 0.00444335937337
23.85 0.00442504882638
23.9 0.00417175292789
23.95 0.00357666015474
24.0 0.00255432128784
24.05 0.00264587402222
24.1 0.00218811035063
24.15 0.00247497558489
24.2 0.00304260253784
24.25 0.00245056152234
24.3 0.00205688476464
24.35 0.00260009765503
24.4 0.00203552245972
24.45 0.00263061523315
24.5 0.00328979492048
24.55 0.00278320312378
24.6 0.00318603515497
24.65 0.00291748046741
24.7 0.00210571288946
24.75 0.00238037109258
24.8 0.00205688476463
24.85 0.00217590331919
24.9 0.00293579101547
24.95 0.0203552244804
25.0 0.0202789305352
25.05 0.0198272703792
25.1 0.0201141356123
25.15 0.00236206054601
25.2 0.00263977050664
25.25 0.00318603515496
25.3 0.0024200439442
25.35 0.00234985351445
25.4 0.00263366699108
25.45 0.00215454101457
25.5 0.0026916503894
25.55 0.00243530273327
25.6 0.00167541503807
25.65 0.00145874023356
25.7 0.00103454589774
25.75 0.00189819335844
25.8 0.0019134521475
25.85 0.00214843749901
25.9 0.0029083251942
25.95 0.00190734863194
26.0 0.00244445800676
26.05 0.00232849120982
26.1 0.00144042968656
26.15 0.00191650390513
26.2 0.00196228027232
26.25 0.00270996093609
26.3 0.00366210937325
26.35 0.00468749999808
26.4 0.00464477538882
26.45 0.00439147949062
26.5 0.00384826660022
26.55 0.00308227538946
26.6 0.00251770019415
26.65 0.00302429199085
26.7 0.00297851562366
26.75 0.00222167968639
26.8 0.00268554687383
26.85 0.00281372070189
26.9 0.0029174804674
26.95 0.00359802245935
27.0 0.00291137695184
27.05 0.00193481445213
27.1 0.00171813964762
27.15 0.00167236328043
27.2 0.00263366699108
27.25 0.00285339355352
27.3 0.00287475585815
27.35 0.00379943848495
27.4 0.00328063964727
27.45 0.00394287109252
27.5 0.00417480468639
27.55 0.0029235839737
27.6 0.00328979492076
27.65 0.0026733398427
27.7 0.00269470214703
27.75 0.00278625488141
27.8 0.00265197753778
27.85 0.00213623046758
27.9 0.001791381835
27.95 0.00213928222551
28.0 0.00267944335797
28.05 0.00302124023291
28.1 0.00341491699061
28.15 0.00328063964698
28.2 0.00240783691307
28.25 0.00265808105364
28.3 0.00234069824125
28.35 0.00217895507713
28.4 0.00226745605357
28.45 0.00172119140525
28.5 0.00194091796769
28.55 0.00198059081932
28.6 0.001922607421
28.65 0.00213012695201
28.7 0.00240173339721
28.75 0.00228881835821
28.8 0.00222167968609
28.85 0.00226745605328
28.9 0.00203247070178
28.95 0.00243225097504
29.0 0.0028137207016
29.05 0.00293884277204
29.1 0.0025695800769
29.15 0.00218200683477
29.2 0.00214538574108
29.25 0.00222778320196
29.3 0.0028045654284
29.35 0.00350341796735
29.4 0.0039215087876
29.45 0.00418701171723
29.5 0.00384521484229
29.55 0.00364990234241
29.6 0.00357971192373
29.65 0.00305480956926
29.7 0.00269775390525
29.75 0.00273132324102
29.8 0.00187683104274
29.85 0.00222167968639
