0.1 0.859375
0.15 0.078125
0.2 0.0
0.25 0.0
0.3 0.0
0.35 0.0
0.4 0.0
0.45 0.0390625
0.5 0.04150390625
0.55 0.11962890625
0.6 0.12451171875
0.65 0.24169921875
0.7 0.2490234375
0.75 0.4833984375
0.8 0.498046875
0.85 0.46875
0.9 0.99609375
0.95 0.68359375
1.0 1.6552734375
1.05 1.533203125
1.1 2.28759765625
1.15 2.32421875
1.2 2.9248046875
1.25 2.98828125
1.3 3.50341796875
1.35 3.65234375
1.4 3.6298828125
1.45 4.31640625
1.5 3.82666015625
1.55 4.88525390625
1.6 4.43505859375
1.65 5.3564453125
1.7 5.05859375
1.75 5.92041015625
1.8 5.712890625
1.85 6.5
1.9 6.36376953125
1.95 6.65380859375
2.0 7.029296875
2.05 6.8232421875
2.1 7.6796875
2.15 7.42529296875
2.2 8.107421875
2.25 8.03515625
2.3 8.59716796875
2.35 8.59326171875
2.4 9.0732421875
2.45 8.97119140625
2.5 9.1298828125
2.55 9.146484375
2.6 9.18505859375
2.65 9.38769531251
2.7 9.42041015625
2.75 9.76220703125
2.8 9.65771484376
2.85 9.8720703125
2.9 9.87939453125
2.95 9.88330078125
3.0 10.0
3.05 10.0
3.1 10.0
3.15 10.0
3.2 10.0
3.25 10.0
3.3 10.0
3.35 10.0
3.4 10.0
3.45 10.0
3.5 10.0
3.55 10.0
3.6 10.0
3.65 10.0
3.7 10.0
3.75 10.0
3.8 10.0
3.85 10.0
3.9 10.0
3.95 10.0
4.0 10.0
4.05 10.0
4.1 10.0
4.15 10.0
4.2 10.0
4.25 10.0
4.3 10.0
4.35 10.0
4.4 10.0
4.45 10.0
4.5 10.0
4.55 10.0
4.6 10.0
4.65 10.0
4.7 10.0
4.75 10.0
4.8 10.0
4.85 10.0
4.9 10.0
4.95 10.0
5.0 10.0
5.05 9.99267578125
5.1 9.99267578125
5.15 9.86572265625
5.2 9.86572265625
5.25 9.84228515625
5.3 9.84228515625
5.35 9.96923828125
5.4 9.96923828125
5.45 10.0
5.5 10.0
5.55 10.0
5.6 10.0
5.65 10.0
5.7 10.0
5.75 10.0
5.8 10.0
5.85 10.0
5.9 10.0
5.95 10.0
6.0 10.0
6.05 10.0
6.1 10.0
6.15 10.0
6.2 10.0
6.25 10.0
6.3 10.0
6.35 10.0
6.4 10.0
6.45 10.0
6.5 10.0
6.55 10.0
6.6 10.0
6.65 10.0
6.7 10.0
6.75 10.0
6.8 10.0
6.85 10.0
6.9 10.0
6.95 10.0
7.0 10.0
7.05 10.0
7.1 10.0
7.15 10.0
7.2 10.0
7.25 10.0
7.3 10.0
7.35 10.0
7.4 10.0
7.45 10.0
7.5 10.0
7.55 10.0
7.6 10.0
7.65 10.0
7.7 10.0
7.75 10.0
7.8 10.0
7.85 10.0
7.9 10.0
7.95 10.0
8.0 10.0
8.05 10.0
8.1 10.0
8.15 10.0
8.2 10.0
8.25 10.0
8.3 10.0
8.35 10.0
8.4 10.0
8.45 10.0
8.5 10.0
8.55 10.0
8.6 10.0
8.65 10.0
8.7 10.0
8.75 10.0
8.8 10.0
8.85 10.0
8.9 10.0
8.95 10.0
9.0 10.0
9.05 10.0
9.1 10.0
9.15 10.0
9.2 10.0
9.25 10.0
9.3 10.0
9.35 10.0
9.4 10.0
9.45 10.0
9.5 10.0
9.55 10.0
9.6 10.0
9.65 10.0
9.7 10.0
9.75 10.0
9.8 10.0
9.85 10.0
9.9 10.0
9.95 10.0
10.0 9.99267578125
10.05 9.791015625
10.1 9.68212890617
10.15 9.62744140625
10.2 9.3369140625
10.25 9.24072265625
10.3 8.92480468758
10.35 8.2529296874
10.4 8.13720703125
10.45 7.4658203125
10.5 7.2509765625
10.55 7.27197265636
10.6 6.76025390625
10.65 7.05810546875
10.7 6.5693359375
10.75 6.50244140612
10.8 6.46582031237
10.85 6.05224609376
10.9 6.26025390626
10.95 5.94726562499
11.0 5.88769531265
11.05 5.95458984376
11.1 5.75683593751
11.15 5.72265624999
11.2 5.62011718751
11.25 5.46484374983
11.3 5.44775390608
11.35 5.43701171874
11.4 5.27197265607
11.45 5.29199218769
11.5 5.19189453144
11.55 5.06835937499
11.6 5.1064453127
11.65 5.00732421876
11.7 4.97802734376
11.75 4.98925781271
11.8 4.97656249978
11.85 4.93261718728
11.9 4.91455078126
11.95 4.81298828102
12.0 4.81689453124
12.05 4.80371093774
12.1 4.72021484351
12.15 4.72656249999
12.2 4.69238281249
12.25 4.61767578099
12.3 4.64843749999
12.35 4.60693359374
12.4 4.53271484402
12.45 4.57031249999
12.5 4.54980468778
12.55 4.56787109374
12.6 4.63623046876
12.65 4.54736328154
12.7 4.52880859376
12.75 4.56542968749
12.8 4.4833984372
12.85 4.56054687501
12.9 4.49804687469
12.95 4.43505859407
13.0 4.48242187499
13.05 4.38232421876
13.1 4.46435546908
13.15 4.43847656251
13.2 4.40087890659
13.25 4.43945312466
13.3 4.4174804684
13.35 4.47509765626
13.4 4.47753906251
13.45 4.44335937499
13.5 4.47998046874
13.55 4.43847656251
13.6 4.36865234338
13.65 4.47998046874
13.7 4.41308593788
13.75 4.37841796837
13.8 4.43847656249
13.85 4.36425781289
13.9 4.38818359335
13.95 4.39941406249
14.0 4.42285156291
14.05 4.46533203126
14.1 4.39941406249
14.15 4.43847656249
14.2 4.41503906208
14.25 4.41259765582
14.3 4.43847656249
14.35 4.40185546874
14.4 4.36279296874
14.45 4.39355468795
14.5 4.39941406249
14.55 4.35791015624
14.6 4.39453124999
14.65 4.30908203126
14.7 4.31298828172
14.75 4.36425781297
14.8 4.31884765624
14.85 4.36865234327
14.9 4.32275390626
14.95 4.90966796876
15.0 4.95019531299
15.05 4.82568359425
15.1 5.0410156245
15.15 4.33837890626
15.2 4.37109374949
15.25 4.45898437449
15.3 4.24072265624
15.35 4.38330078073
15.4 4.25195312553
15.45 4.23583984374
15.5 4.28369140679
15.55 4.20800781304
15.6 4.32080078126
15.65 4.34472656305
15.7 4.33349609376
15.75 4.35058593751
15.8 4.33496093694
15.85 4.32714843693
15.9 4.32128906251
15.95 4.34912109318
16.0 4.32275390683
16.05 4.31396484374
16.1 4.287109375
16.15 4.36035156249
16.2 4.36523437501
16.25 4.36035156249
16.3 4.42382812502
16.35 4.35791015624
16.4 4.34667968689
16.45 4.39697265624
16.5 4.41259765563
16.55 4.39697265624
16.6 4.40576171938
16.65 4.37646484439
16.7 4.33496093814
16.75 4.36035156249
16.8 4.3540039056
16.85 4.35546875001
16.9 4.33349609376
16.95 4.38623046941
17.0 4.39355468817
17.05 4.35546875001
17.1 4.37841796876
17.15 4.32958984308
17.2 4.31982421807
17.25 4.34667968681
17.3 4.34570312431
17.35 4.3740234382
17.4 4.31884765624
17.45 4.36425781321
17.5 4.39697265624
17.55 4.32373046876
17.6 4.39599609447
17.65 4.39208984376
17.7 4.31640624999
17.75 4.29541015552
17.8 4.30175781251
17.85 4.27587890551
17.9 4.27978515624
17.95 4.35302734374
18.0 4.31640625001
18.05 4.27734374999
18.1 4.32031250076
18.15 4.33740234452
18.2 4.28808593673
18.25 4.30322265702
18.3 4.35058593751
18.35 4.30029296797
18.4 4.39111328204
18.45 4.36621093671
18.5 4.35888671796
18.55 4.32275390705
18.6 4.28564453045
18.65 4.31884765624
18.7 4.28613281331
18.75 4.34667968668
18.8 4.35546874999
18.85 4.35546874999
18.9 4.33837890626
18.95 4.28125000084
19.0 4.31884765624
19.05 4.34472656334
19.1 4.32861328126
19.15 4.3540039054
19.2 4.33496093836
19.25 4.28808593664
19.3 4.31152343751
19.35 4.27734374999
19.4 4.25634765538
19.45 4.30566406338
19.5 4.26757812501
19.55 4.27636718839
19.6 4.28613281339
19.65 4.26025390626
19.7 4.28564453035
19.75 4.3124999991
19.8 4.30517578034
19.85 4.35791015626
19.9 4.33984375092
19.95 4.94384765624
20.0 5.12841796967
20.05 5.10839843657
20.1 5.30517578126
20.15 4.96093749999
20.2 5.33056640531
20.25 6.01904296968
20.3 6.41796874999
20.35 6.99462890624
20.4 7.76416015718
20.45 7.97558593749
20.5 8.60400390627
20.55 9.19091796971
20.6 9.08056640627
20.65 9.56396484377
20.7 9.79003906249
20.75 9.79003906249
20.8 9.99755859375
20.85 10.0
20.9 10.0
20.95 10.0
21.0 10.0
21.05 10.0
21.1 10.0
21.15 10.0
21.2 10.0
21.25 10.0
21.3 10.0
21.35 10.0
21.4 10.0
21.45 10.0
21.5 10.0
21.55 10.0
21.6 10.0
21.65 10.0
21.7 10.0
21.75 10.0
21.8 10.0
21.85 10.0
21.9 10.0
21.95 10.0
22.0 10.0
22.05 10.0
22.1 10.0
22.15 10.0
22.2 10.0
22.25 10.0
22.3 10.0
22.35 10.0
22.4 10.0
22.45 10.0
22.5 10.0
22.55 10.0
22.6 10.0
22.65 10.0
22.7 10.0
22.75 10.0
22.8 10.0
22.85 10.0
22.9 10.0
22.95 10.0
23.0 10.0
23.05 10.0
23.1 10.0
23.15 10.0
23.2 10.0
23.25 10.0
23.3 10.0
23.35 10.0
23.4 10.0
23.45 10.0
23.5 10.0
23.55 10.0
23.6 10.0
23.65 10.0
23.7 10.0
23.75 10.0
23.8 10.0
23.85 10.0
23.9 10.0
23.95 10.0
24.0 10.0
24.05 10.0
24.1 10.0
24.15 10.0
24.2 10.0
24.25 10.0
24.3 10.0
24.35 10.0
24.4 10.0
24.45 10.0
24.5 10.0
24.55 10.0
24.6 10.0
24.65 10.0
24.7 10.0
24.75 10.0
24.8 10.0
24.85 10.0
24.9 10.0
24.95 10.0
25.0 10.0
25.05 10.0
25.1 10.0
25.15 10.0
25.2 10.0
25.25 10.0
25.3 10.0
25.35 10.0
25.4 10.0
25.45 10.0
25.5 10.0
25.55 10.0
25.6 10.0
25.65 10.0
25.7 10.0
25.75 10.0
25.8 10.0
25.85 10.0
25.9 10.0
25.95 10.0
26.0 10.0
26.05 10.0
26.1 10.0
26.15 10.0
26.2 10.0
26.25 10.0
26.3 10.0
26.35 10.0
26.4 10.0
26.45 10.0
26.5 10.0
26.55 10.0
26.6 10.0
26.65 10.0
26.7 10.0
26.75 10.0
26.8 10.0
26.85 10.0
26.9 10.0
26.95 10.0
27.0 10.0
27.05 10.0
27.1 10.0
27.15 10.0
27.2 10.0
27.25 10.0
27.3 10.0
27.35 10.0
27.4 10.0
27.45 10.0
27.5 10.0
27.55 10.0
27.6 10.0
27.65 10.0
27.7 10.0
27.75 10.0
27.8 10.0
27.85 10.0
27.9 10.0
27.95 10.0
28.0 10.0
28.05 10.0
28.1 10.0
28.15 10.0
28.2 10.0
28.25 10.0
28.3 10.0
28.35 10.0
28.4 10.0
28.45 10.0
28.5 10.0
28.55 10.0
28.6 10.0
28.65 10.0
28.7 10.0
28.75 10.0
28.8 10.0
28.85 10.0
28.9 10.0
28.95 10.0
29.0 10.0
29.05 10.0
29.1 10.0
29.15 10.0
29.2 10.0
29.25 10.0
29.3 10.0
29.35 10.0
29.4 10.0
29.45 10.0
29.5 10.0
29.55 10.0
29.6 10.0
29.65 10.0
29.7 10.0
29.75 10.0
29.8 10.0
29.85 10.0
