0.1 0.04375
0.15 0.0
0.2 0.0
0.25 0.0
0.3 0.0
0.35 0.0
0.4 0.0
0.45 0.0
0.5 0.0
0.55 0.0
0.6 0.0
0.65 0.0
0.7 0.0
0.75 0.0
0.8 0.0
0.85 0.0
0.9 0.0
0.95 0.0
1.0 0.0
1.05 0.0
1.1 0.0
1.15 0.0
1.2 0.000244140625
1.25 0.000244140625
1.3 0.00561523437501
1.35 0.00781249999999
1.4 0.00781249999999
1.45 0.03955078125
1.5 0.0341796875
1.55 0.0884277343749
1.6 0.0891601562499
1.65 0.1423828125
1.7 0.1423828125
1.75 0.18701171875
1.8 0.18603515625
1.85 0.203955078125
1.9 0.204345703125
1.95 0.1568359375
2.0 0.2099609375
2.05 0.129052734375
2.1 0.210937500001
2.15 0.162255859376
2.2 0.157421875001
2.25 0.144824218751
2.3 0.129443359376
2.35 0.128222656251
2.4 0.101611328126
2.45 0.0954589843765
2.5 0.0534667968764
2.55 0.0526367187521
2.6 0.052197265626
2.65 0.073876953126
2.7 0.0555664062509
2.75 0.0915527343753
2.8 0.0764648437551
2.85 0.0823242187551
2.9 0.10502929688
2.95 0.0955078125051
3.0 0.11865234375
3.05 0.117626953125
3.1 0.11767578125
3.15 0.11767578125
3.2 0.11767578125
3.25 0.117431640625
3.3 0.11767578125
3.35 0.11767578125
3.4 0.11767578125
3.45 0.117480468751
3.5 0.11767578125
3.55 0.11767578125
3.6 0.11767578125
3.65 0.11767578125
3.7 0.11767578125
3.75 0.11767578125
3.8 0.11767578125
3.85 0.11767578125
3.9 0.117626953123
3.95 0.11767578125
4.0 0.11767578125
4.05 0.11767578125
4.1 0.117431640625
4.15 0.11767578125
4.2 0.11767578125
4.25 0.11767578125
4.3 0.117480468753
4.35 0.11767578125
4.4 0.11767578125
4.45 0.11767578125
4.5 0.11767578125
4.55 0.11767578125
4.6 0.11767578125
4.65 0.11767578125
4.7 0.11767578125
4.75 0.117626953121
4.8 0.11767578125
4.85 0.11767578125
4.9 0.11767578125
4.95 1.12573242186
5.0 1.50561523439
5.05 1.51538085939
5.1 1.54467773439
5.15 0.509082031278
5.2 0.1123046875
5.25 0.0734863281253
5.3 0.0295410156251
5.35 0.0422363281252
5.4 0.0444335937502
5.45 0.0588378906252
5.5 0.0588378906252
5.55 0.0588378906252
5.6 0.0588378906252
5.65 0.0588378906252
5.7 0.0588378906252
5.75 0.0588378906252
5.8 0.0588378906252
5.85 0.0588378906252
5.9 0.0588378906252
5.95 0.0586425781187
6.0 0.0588378906252
6.05 0.0588378906252
6.1 0.0588378906252
6.15 0.0587890625067
6.2 0.0588378906252
6.25 0.0588378906252
6.3 0.0588378906252
6.35 0.0588378906252
6.4 0.0588378906252
6.45 0.0588378906252
6.5 0.0588378906252
6.55 0.0588378906252
6.6 0.0588378906252
6.65 0.0588378906252
6.7 0.0588378906252
6.75 0.0588378906252
6.8 0.0586425781169
6.85 0.0588378906252
6.9 0.0588378906252
6.95 0.0588378906252
7.0 0.0587890625085
7.05 0.0588378906252
7.1 0.0588378906252
7.15 0.0588378906252
7.2 0.0588378906252
7.25 0.0588378906252
7.3 0.0588378906252
7.35 0.0588378906252
7.4 0.0588378906252
7.45 0.0588378906252
7.5 0.0588378906252
7.55 0.0588378906252
7.6 0.0588378906252
7.65 0.0586425781151
7.7 0.0588378906252
7.75 0.0588378906252
7.8 0.0588378906252
7.85 0.0587890625104
7.9 0.0588378906252
7.95 0.0588378906188
8.0 0.0588378906116
8.05 0.0588378906044
8.1 0.0588378905971
8.15 0.0588378905963
8.2 0.0588378905963
8.25 0.0588378905963
8.3 0.0588378905963
8.35 0.0588378905963
8.4 0.0588378905963
8.45 0.0588378905963
8.5 0.0586425780908
8.55 0.0588378905963
8.6 0.0588378905963
8.65 0.0588378905963
8.7 0.058789062477
8.75 0.0588378905963
8.8 0.0588378905963
8.85 0.0588378905963
8.9 0.0588378905963
8.95 0.0588378905963
9.0 0.0588378905963
9.05 0.0588378905963
9.1 0.0588378905963
9.15 0.0588378905963
9.2 0.0588378905963
9.25 0.0588378905963
9.3 0.0588378905963
9.35 0.0586425780981
9.4 0.0588378905963
9.45 0.0588378905963
9.5 0.0588378905963
9.55 0.0587890624696
9.6 0.0588378905963
9.65 0.0588378905963
9.7 0.0588378905963
9.75 0.0588378905963
9.8 0.0588378905963
9.85 0.0588378905963
9.9 0.0588378905963
9.95 1.0748046875
10.0 1.39902343746
10.05 1.38891601559
10.1 1.40185546872
10.15 0.375146484328
10.2 0.046533203125
10.25 0.0529296875006
10.3 0.0266113281257
10.35 0.0391113281258
10.4 0.0316406250014
10.45 0.0209960937513
10.5 0.0227050781267
10.55 0.00659179687724
10.6 0.00581054687686
10.65 0.00795898437707
10.7 0.00502929687669
10.75 0.00546875000135
10.8 0.00405273437697
10.85 0.00244140625155
10.9 0.00268554687703
10.95 0.00273437500221
11.0 0.00214843750149
11.05 0.00180664062613
11.1 0.00200195312542
11.15 0.00195312499997
11.2 0.00195312499997
11.25 0.00195312499997
11.3 0.00195312499997
11.35 0.00170898437498
11.4 0.00146484374998
11.45 0.00122070312498
11.5 0.000732421875416
11.55 0.000585937501558
11.6 0.000585937501558
11.65 0.000341796876562
11.7 0.000585937501132
11.75 0.000732421875522
11.8 0.00126953125096
11.85 0.00151367187596
11.9 0.00200195312595
11.95 0.00253906250059
12.0 0.00224609375015
12.05 0.00200195312542
12.1 0.00151367187542
12.15 0.000488281250526
12.2 0.000732421875522
12.25 0.000781250000434
12.3 0.000537109375438
12.35 0.000537109375172
12.4 4.88281251787e-05
12.45 0.000292968750175
12.5 0.00034179687562
12.55 0.00034179687562
12.6 0.000878906252062
12.65 0.000830078130525
12.7 0.000878906255153
12.75 0.000927734380332
12.8 0.000732421878693
12.85 0.000488281250322
12.9 0.000634765625245
12.95 0.000585937500333
13.0 0.000341796875869
13.05 0.000537109376237
13.1 0.000439453127248
13.15 0.000732421877156
13.2 0.000878906251813
13.25 0.000683593751178
13.3 0.000537109375438
13.35 0.000244140625263
13.4 0.000732421875256
13.45 0.000732421875256
13.5 0.000976562499986
13.55 0.000976562500252
13.6 0.000488281250259
13.65 0.000488281250259
13.7 0.000732421875522
13.75 0.00122070312525
13.8 0.00126953125043
13.85 0.00151367187569
13.9 0.0015625000006
13.95 0.00112304687579
14.0 0.0018066406256
14.05 0.00209960937604
14.1 0.0015625000014
14.15 0.00161132812711
14.2 0.00112304687712
14.25 0.00131835937641
14.3 0.0015625000014
14.35 0.00146484375051
14.4 0.00161132812677
14.45 0.00112304687677
14.5 0.000878906251511
14.55 0.00097656250186
14.6 0.0010742187506
14.65 0.00156250000086
14.7 0.00219726562529
14.75 0.00234375000047
14.8 0.00161132812548
14.85 0.000976562500297
14.9 0.000927734376859
14.95 0.117480468949
15.0 0.117480468949
15.05 0.117626953324
15.1 0.117773437698
15.15 0.00107421875033
15.2 0.00161132812576
15.25 0.00146484375057
15.3 0.000732421875584
15.35 0.000732421875869
15.4 0.000878906251449
15.45 0.000781250001376
15.5 0.000927734378182
15.55 0.00107421875282
15.6 0.000732421877423
15.65 0.00102539062813
15.7 0.000927734376504
15.75 0.000683593751507
15.8 0.000341796876437
15.85 9.76562509081e-05
15.9 0.000292968750726
15.95 0.000537109375722
16.0 0.000781250000434
16.05 0.000732421875256
16.1 0.000781250001225
16.15 0.000781250001491
16.2 0.000537109376229
16.25 0.00102539062622
16.3 0.000732421875789
16.35 0.000732421875522
16.4 0.000732421875522
16.45 0.000488281250526
16.5 0.000781250000159
16.55 0.000585937500333
16.6 0.000634765625502
16.65 0.00073242187586
16.7 0.000927734375953
16.75 0.000878906251316
16.8 0.00156250000167
16.85 0.00161132812757
16.9 0.0016113281273
16.95 0.00195312500317
17.0 0.00146484375264
17.05 0.00131835937719
17.1 0.000830078127461
17.15 0.000683593752218
17.2 0.000439453127221
17.25 0.000488281251592
17.3 0.000488281251858
17.35 0.000781250000692
17.4 0.00126953125095
17.45 0.00122070312578
17.5 0.00122070312525
17.55 0.000781250000959
17.6 0.000537109375696
17.65 0.000585937502464
17.7 0.000634765627634
17.75 0.000878906252098
17.8 0.000634765627368
17.85 0.000585937500865
17.9 0.000585937501398
17.95 0.000781250001491
18.0 0.000781250001491
18.05 0.00151367187621
18.1 0.00170898437551
18.15 0.00122070312525
18.2 0.00122070312498
18.25 0.000341796875354
18.3 0.000341796875354
18.35 0.00107421875034
18.4 0.00136718750078
18.45 0.00126953125042
18.5 0.00112304687576
18.55 0.000390625000772
18.6 9.76562503396e-05
18.65 9.76562506061e-05
18.7 0.000244140625263
18.75 0.000488281250526
18.8 0.000732421875522
18.85 0.000976562500519
18.9 0.000781250000692
18.95 0.000830078125862
19.0 0.00102539062675
19.05 0.00126953125228
19.1 0.00122070312738
19.15 0.000976562502384
19.2 0.000537109376495
19.25 9.7656251139e-05
19.3 0.000683593751205
19.35 0.000683593751472
19.4 0.000732421877174
19.45 0.000927734377001
19.5 0.000341796876668
19.55 0.000585937501132
19.6 0.00126953125042
19.65 0.00126953125068
19.7 0.00136718750102
19.75 0.00107421875086
19.8 0.000830078126395
19.85 0.000830078126128
19.9 0.00151367187668
19.95 0.128759766269
20.0 0.129052735019
20.05 0.161914062957
20.1 0.1653320318
20.15 0.161572265441
20.2 0.429296874824
20.25 1.31025390685
20.3 1.48037109371
20.35 2.2184082032
20.4 3.61279296924
20.45 3.68471679757
20.5 5.11059570355
20.55 6.63471679745
20.6 6.42988281374
20.65 7.29926757759
20.7 8.53964843769
20.75 8.16279296984
20.8 9.09067382765
20.85 10.8690917971
20.9 11.1992675792
20.95 12.7073242186
21.0 13.9767578125
21.05 13.2277832033
21.1 13.1664062497
21.15 13.1253906247
21.2 12.3417480466
21.25 12.3545410156
21.3 12.022363281
21.35 11.2359374998
21.4 11.4197265624
21.45 11.3780273438
21.5 11.3974121092
21.55 11.3632812502
21.6 11.2556152346
21.65 11.0956542967
21.7 11.0252441408
21.75 11.3005859373
21.8 11.4365234372
21.85 11.7314941407
21.9 12.2028320312
21.95 12.0422851564
22.0 11.5886718745
22.05 11.4055664061
22.1 10.8495605466
22.15 10.734863281
22.2 10.9050292975
22.25 10.7433105466
22.3 10.5282226559
22.35 10.6771484375
22.4 10.6086425779
22.45 10.7148437498
22.5 11.0187011719
22.55 11.0349609375
22.6 11.1237304688
22.65 11.1380859376
22.7 11.1768554685
22.75 11.2382324219
22.8 11.260595703
22.85 11.3444335941
22.9 11.4601562503
22.95 11.2712890619
23.0 11.1945800784
23.05 11.1337890626
23.1 11.2342773435
23.15 11.517480469
23.2 11.3972167965
23.25 11.5743652344
23.3 11.547607422
23.35 11.4590332032
23.4 11.7198242185
23.45 11.423095703
23.5 11.0609375001
23.55 10.8733398436
23.6 10.7477539066
23.65 10.8064453121
23.7 10.9836425782
23.75 11.1853515628
23.8 11.1310546875
23.85 11.2612304688
23.9 11.3459472652
23.95 11.2961914064
24.0 11.6296874998
24.05 11.7126464843
24.1 11.6255859374
24.15 11.5559570308
24.2 11.393261719
24.25 11.2647460935
24.3 11.3450195318
24.35 11.4112304684
24.4 11.4465332027
24.45 11.399951172
24.5 11.1284179685
24.55 11.0807617191
24.6 11.0636230469
24.65 11.2602539065
24.7 11.4921874998
24.75 11.5636230472
24.8 11.7231445315
24.85 11.5425781248
24.9 11.3861328125
24.95 12.4593261723
25.0 14.3331542974
25.05 14.5487792965
25.1 14.1770996088
25.15 12.7736328111
25.2 10.3749023429
25.25 9.91406250013
25.3 10.4312011726
25.35 10.5804199221
25.4 10.8766601562
25.45 11.1482421872
25.5 11.1478515628
25.55 11.4095214841
25.6 11.3756835937
25.65 11.3926269538
25.7 11.3470703121
25.75 11.4059082033
25.8 11.3311035153
25.85 11.0800292968
25.9 11.04321289
25.95 10.6775390627
26.0 10.6539550782
26.05 10.9647460936
26.1 11.2205566412
26.15 11.445361328
26.2 11.4563964848
26.25 11.3256835929
26.3 11.0807617192
26.35 10.7390624997
26.4 10.4344726555
26.45 10.3093261724
26.5 10.1745117183
26.55 10.5056152348
26.6 10.9773925781
26.65 11.1412597662
26.7 11.4259277341
26.75 11.3582519528
26.8 11.3876464846
26.85 11.4351074211
26.9 11.4244628908
26.95 11.5486816407
27.0 11.523339844
27.05 11.5112304684
27.1 11.3001464843
27.15 11.1947753907
27.2 11.0767578122
27.25 11.1914062504
27.3 11.2321289054
27.35 11.1469238279
27.4 11.1377441409
27.45 11.0097167968
27.5 11.3429199223
27.55 11.4031249998
27.6 11.4122558592
27.65 11.4645019528
27.7 11.157714844
27.75 11.1210449219
27.8 11.0535644533
27.85 10.8186035162
27.9 10.9837890616
27.95 11.3199707032
28.0 11.6920410156
28.05 11.9467773435
28.1 11.9783203129
28.15 11.5079589839
28.2 11.0558105469
28.25 11.0061035154
28.3 11.0055664065
28.35 11.3511718754
28.4 11.6083984371
28.45 11.8151855468
28.5 11.8189941408
28.55 11.5916992186
28.6 11.4872558587
28.65 10.954199219
28.7 10.6636718748
28.75 10.6395019531
28.8 10.8833007819
28.85 11.2392578118
28.9 11.3475097657
28.95 11.3476074216
29.0 10.9353027342
29.05 10.8181152346
29.1 11.004882812
29.15 11.2043945315
29.2 11.3836914062
29.25 11.3648437502
29.3 11.1731933587
29.35 11.0400878908
29.4 11.0480957033
29.45 11.0197265623
29.5 11.1208496102
29.55 11.04321289
29.6 11.0724121091
29.65 11.1469238282
29.7 11.0742187497
29.75 11.1964355472
29.8 11.1267089847
29.85 11.3854492186
