0.1 0.0375
0.15 0.0
0.2 0.0
0.25 0.0
0.3 0.0
0.35 0.0
0.4 0.0
0.45 0.0
0.5 0.0
0.55 0.0
0.6 0.0
0.65 0.0
0.7 0.0
0.75 0.0
0.8 0.0
0.85 0.0
0.9 0.0
0.95 0.0
1.0 0.0
1.05 0.0
1.1 0.0
1.15 0.0
1.2 0.000393676757814
1.25 0.000393676757814
1.3 0.00141296386719
1.35 0.00190734863281
1.4 0.00164794921875
1.45 0.00367431640624
1.5 0.00265502929686
1.55 0.0061096191406
1.6 0.00597534179685
1.65 0.0101470947265
1.7 0.0112762451172
1.75 0.0150238037109
1.8 0.0166290283203
1.85 0.0197448730468
1.9 0.0202545166015
1.95 0.0193054199219
2.0 0.0226867675782
2.05 0.0182861328126
2.1 0.0219665527346
2.15 0.0197998046876
2.2 0.0202819824221
2.25 0.0198974609376
2.3 0.0192657470706
2.35 0.0194976806644
2.4 0.0177215576174
2.45 0.0168273925784
2.5 0.0159576416017
2.55 0.0140686035156
2.6 0.015252685547
2.65 0.0133758544921
2.7 0.0185302734375
2.75 0.0183990478519
2.8 0.0142089843748
2.85 0.013186645508
2.9 0.00513000488316
2.95 0.00325317382847
3.0 0.003482055665
3.05 0.00367736816505
3.1 0.00367736816505
3.15 0.00367736816505
3.2 0.00367736816505
3.25 0.00367431640717
3.3 0.00367736816505
3.35 0.00367736816505
3.4 0.00367736816505
3.45 0.00366516113385
3.5 0.00367736816505
3.55 0.00367736816505
3.6 0.00367736816505
3.65 0.00367736816505
3.7 0.00367736816505
3.75 0.00367736816505
3.8 0.00367736816505
3.85 0.00367736816505
3.9 0.00367736816505
3.95 0.00367736816505
4.0 0.00367736816506
4.05 0.00367736816507
4.1 0.00367431640709
4.15 0.00367736816508
4.2 0.00367736816508
4.25 0.00367736816508
4.3 0.003665161134
4.35 0.00367736816508
4.4 0.00367736816508
4.45 0.00367736816508
4.5 0.00367736816508
4.55 0.00367736816508
4.6 0.00367736816508
4.65 0.00367736816508
4.7 0.00367736816508
4.75 0.00367736816508
4.8 0.00367736816508
4.85 0.00367736816508
4.9 0.00367736816508
4.95 0.164755249032
5.0 0.227899169932
5.05 0.232125854502
5.1 0.232150268565
5.15 0.071548461917
5.2 0.00817565918082
5.25 0.00875244140679
5.3 0.00886535644553
5.35 0.00838623046944
5.4 0.00861511230538
5.45 0.00381164550881
5.5 0.00367431640758
5.55 0.00367736816508
5.6 0.00367736816508
5.65 0.00367736816508
5.7 0.00367736816508
5.75 0.00367736816508
5.8 0.00367736816508
5.85 0.00367736816508
5.9 0.00367736816508
5.95 0.00367736816508
6.0 0.00367736816508
6.05 0.00367736816508
6.1 0.00367736816508
6.15 0.0036651611334
6.2 0.00367736816508
6.25 0.00367736816508
6.3 0.00367736816508
6.35 0.00367431640769
6.4 0.00367736816508
6.45 0.00367736816508
6.5 0.00367736816508
6.55 0.00367736816508
6.6 0.00367736816508
6.65 0.00367736816508
6.7 0.00367736816508
6.75 0.00367736816508
6.8 0.00367736816508
6.85 0.00367736816508
6.9 0.00367736816508
6.95 0.00367736816508
7.0 0.00366516113328
7.05 0.00367736816508
7.1 0.00367736816508
7.15 0.00367736816508
7.2 0.00367431640781
7.25 0.00367736816508
7.3 0.00367736816508
7.35 0.00367736816508
7.4 0.00367736816508
7.45 0.00367736816508
7.5 0.00367736816508
7.55 0.00367736816508
7.6 0.00367736816508
7.65 0.00367736816508
7.7 0.00367736816508
7.75 0.00367736816508
7.8 0.00367736816508
7.85 0.00366516113317
7.9 0.00367736816508
7.95 0.00367736816422
8.0 0.00367736816296
8.05 0.00367431640454
8.1 0.00367736816041
8.15 0.00367736816
8.2 0.00367736816
8.25 0.00367736816
8.3 0.00367736816
8.35 0.00367736816
8.4 0.00367736816
8.45 0.00367736816
8.5 0.00367736816
8.55 0.00367736816
8.6 0.00367736816
8.65 0.00367736816
8.7 0.00366516112851
8.75 0.00367736816
8.8 0.00367736816
8.85 0.00367736816
8.9 0.00367431640244
8.95 0.00367736816
9.0 0.00367736816
9.05 0.00367736816
9.1 0.00367736816
9.15 0.00367736816
9.2 0.00367736816
9.25 0.00367736816
9.3 0.00367736816
9.35 0.00367736816
9.4 0.00367736816
9.45 0.00367736816
9.5 0.00367736816
9.55 0.00366516112897
9.6 0.00367736816
9.65 0.00367736816
9.7 0.00367736816
9.75 0.00367431640198
9.8 0.00367736816
9.85 0.00367736816
9.9 0.00367736816001
9.95 0.153936767563
10.0 0.205413818341
10.05 0.210510253889
10.1 0.214364624006
10.15 0.0685852050721
10.2 0.0194305419901
10.25 0.018206787107
10.3 0.018200683591
10.35 0.0174285888648
10.4 0.0179687499971
10.45 0.0166900634747
10.5 0.0157684326152
10.55 0.0147735595684
10.6 0.0150665283186
10.65 0.0142639160139
10.7 0.0130554199203
10.75 0.0131317138657
10.8 0.0117431640611
10.85 0.0113922119119
10.9 0.0111724853502
10.95 0.0100128173816
11.0 0.00964965820185
11.05 0.00997924804572
11.1 0.00961608886719
11.15 0.00968322753796
11.2 0.00963134765631
11.25 0.00946044921773
11.3 0.00961303710727
11.35 0.00908813476467
11.4 0.00885925292765
11.45 0.00899963378806
11.5 0.00887451171774
11.55 0.0085235595693
11.6 0.00856018066304
11.65 0.00836181640518
11.7 0.00844116210967
11.75 0.00803527831935
11.8 0.00822143554599
11.85 0.00775146484294
11.9 0.00762023925567
11.95 0.00813903808507
12.0 0.00712890624919
12.05 0.00757751464764
12.1 0.00778808593665
12.15 0.00764465331941
12.2 0.00842590331922
12.25 0.00726623535063
12.3 0.00674438476476
12.35 0.00638122558513
12.4 0.00511474609311
12.45 0.00513916015555
12.5 0.00513916015561
12.55 0.00502319335874
12.6 0.00560607910084
12.65 0.00488891601491
12.7 0.00443420410072
12.75 0.00509643554601
12.8 0.00501098632729
12.85 0.0058685302726
12.9 0.00592956542889
12.95 0.00521545410082
13.0 0.00478820800712
13.05 0.00515136718677
13.1 0.00539855956962
13.15 0.00486145019466
13.2 0.00503234863219
13.25 0.00440673828065
13.3 0.00448913574155
13.35 0.00465698242123
13.4 0.00575866699365
13.45 0.00664672851482
13.5 0.00710754394451
13.55 0.00757446288983
13.6 0.00690002441093
13.65 0.00645751953031
13.7 0.00527038574134
13.75 0.00511474609285
13.8 0.00519104003833
13.85 0.00509948730407
13.9 0.005377197265
13.95 0.00480041503846
14.0 0.0043762207025
14.05 0.00327758788997
14.1 0.003228759765
14.15 0.00343933105411
14.2 0.00379028320258
14.25 0.00495910644467
14.3 0.00465698242122
14.35 0.00539550781177
14.4 0.00462036132731
14.45 0.00459594726488
14.5 0.00511169433512
14.55 0.00422668456956
14.6 0.00461120605404
14.65 0.00436096191341
14.7 0.00474548340075
14.75 0.00560302734304
14.8 0.00569763183514
14.85 0.00502014160087
14.9 0.0040527343718
14.95 0.0357330322534
15.0 0.0418975830222
15.05 0.0421997070456
15.1 0.0428527832171
15.15 0.0101928710807
15.2 0.00444030761653
15.25 0.00507507324146
15.3 0.00442199706964
15.35 0.00548706054622
15.4 0.00464477539012
15.45 0.00420227050741
15.5 0.00430908203083
15.55 0.00440368652285
15.6 0.00450439453061
15.65 0.00411682128837
15.7 0.00464782715116
15.75 0.00509948730401
15.8 0.00610656738194
15.85 0.00674133300692
15.9 0.00664672851487
15.95 0.00540466308512
16.0 0.00453186035095
16.05 0.00457763671819
16.1 0.00420227050367
16.15 0.0048767089838
16.2 0.00534973144464
16.25 0.00556030273362
16.3 0.0062744140617
16.35 0.00647888183511
16.4 0.00625305175705
16.45 0.00635070800709
16.5 0.00586547851488
16.55 0.00509033203062
16.6 0.0048797607415
16.65 0.0039550781243
16.7 0.00350952148374
16.75 0.00378112792899
16.8 0.00403137206957
16.85 0.00429992675706
16.9 0.00453796386644
16.95 0.00447387695661
17.0 0.00469665527276
17.05 0.00505065917898
17.1 0.00537719726487
17.15 0.00628356933094
17.2 0.00592041015548
17.25 0.0052276611321
17.3 0.00481567382743
17.35 0.00492553710869
17.4 0.00522155761642
17.45 0.00608215331949
17.5 0.00646667480386
17.55 0.00579223632732
17.6 0.00536804199146
17.65 0.00424499511654
17.7 0.00420227050722
17.75 0.00438232421815
17.8 0.00418090820257
17.85 0.00455017089789
17.9 0.00383300781197
17.95 0.00378417968692
18.0 0.00399780273371
18.05 0.00475463867114
18.1 0.00512390136645
18.15 0.00475769042899
18.2 0.00465698242126
18.25 0.00418395996034
18.3 0.00523681640558
18.35 0.00541687011658
18.4 0.00537414550714
18.45 0.00576171874926
18.5 0.0051300048821
18.55 0.00456848144457
18.6 0.00509643554621
18.65 0.00521240234312
18.7 0.0049835205072
18.75 0.00515441894468
18.8 0.00478515624935
18.85 0.00376586914005
18.9 0.00376281738747
18.95 0.00417785644471
19.0 0.00419616699157
19.05 0.00499267578056
19.1 0.00477600097068
19.15 0.00392761230405
19.2 0.00452880859303
19.25 0.00396423339777
19.3 0.00452270507737
19.35 0.00506591796799
19.4 0.0042327880853
19.45 0.00500183105955
19.5 0.00491027831969
19.55 0.00483093262216
19.6 0.00494079589777
19.65 0.00395507811892
19.7 0.00370483398369
19.75 0.00411987304055
19.8 0.0047302246086
19.85 0.00540466309075
19.9 0.0060577392577
19.95 0.0257507325587
20.0 0.026422119266
20.05 0.0268798829264
20.1 0.0268707276638
20.15 0.0121765136539
20.2 0.0202606201109
20.25 0.0640472412461
20.3 0.0734222412104
20.35 0.107687377929
20.4 0.188021850609
20.45 0.200064086937
20.5 0.285186767582
20.55 0.38959350589
20.6 0.385351562567
20.65 0.444964599573
20.7 0.524563598652
20.75 0.501986694402
20.8 0.56387939451
20.85 0.673742675796
20.9 0.69399414069
20.95 0.787103271462
21.0 0.868118286123
21.05 0.817327880881
21.1 0.812567138649
21.15 0.812347412099
21.2 0.758624267561
21.25 0.761721801748
21.3 0.740621948232
21.35 0.691961669899
21.4 0.707421874996
21.45 0.705990600589
21.5 0.708508300765
21.55 0.705941772464
21.6 0.69822692872
21.65 0.685675048811
21.7 0.680340576188
21.75 0.69797668456
21.8 0.706750488264
21.85 0.724890136722
21.9 0.753552246097
21.95 0.74161071779
22.0 0.713430786102
22.05 0.700872802731
22.1 0.668997192366
22.15 0.661621093733
22.2 0.670544433617
22.25 0.664691162085
22.3 0.648611450171
22.35 0.658508300792
22.4 0.653659057613
22.45 0.658285522464
22.5 0.678894042965
22.55 0.68057556152
22.6 0.687515258807
22.65 0.687176513675
22.7 0.689770507801
22.75 0.692816162106
22.8 0.692767333974
22.85 0.698861694347
22.9 0.704254150409
22.95 0.694607543905
23.0 0.689724731449
23.05 0.685943603527
23.1 0.693981933575
23.15 0.710577392589
23.2 0.702542114239
23.25 0.713168334958
23.3 0.710168457042
23.35 0.702313232426
23.4 0.721356201153
23.45 0.702975463856
23.5 0.680905151356
23.55 0.670251464832
23.6 0.660653686543
23.65 0.667568969692
23.7 0.677023315442
23.75 0.690509033215
23.8 0.685272216793
23.85 0.691326904301
23.9 0.697424316371
23.95 0.693463134786
24.0 0.716467285145
24.05 0.720434570309
24.1 0.715765380856
24.15 0.711849975559
24.2 0.701394653341
24.25 0.695053100574
24.3 0.69954833988
24.35 0.70376892087
24.4 0.704879760714
24.45 0.701449584965
24.5 0.683871459949
24.55 0.682095336935
24.6 0.685165405262
24.65 0.696371459974
24.7 0.71300048827
24.75 0.715258789076
24.8 0.723046875005
24.85 0.711083984363
24.9 0.699020385723
24.95 1.04559631359
25.0 1.49074401856
25.05 1.61553344695
25.1 1.59505920378
25.15 1.22777099563
25.2 0.74675292937
25.25 0.607159423833
25.3 0.636660766641
25.35 0.645614624037
25.4 0.665435791021
25.45 0.683776855448
25.5 0.683157348647
25.55 0.701809692362
25.6 0.699877929684
25.65 0.699673461963
25.7 0.698889160127
25.75 0.704885864254
25.8 0.701712036102
25.85 0.684878540036
25.9 0.68522644039
25.95 0.658984375014
26.0 0.656301879906
26.05 0.676403808582
26.1 0.689926147502
26.15 0.704397583004
26.2 0.706872558608
26.25 0.700149536075
26.3 0.682815551764
26.35 0.66107482907
26.4 0.641705322207
26.45 0.632568359408
26.5 0.627056884744
26.55 0.648114013677
26.6 0.675967407232
26.65 0.686218261743
26.7 0.705523681637
26.75 0.700805664068
26.8 0.704910278345
26.85 0.70741882322
26.9 0.702764892594
26.95 0.709634399429
27.0 0.704415893551
27.05 0.706927490192
27.1 0.695031738268
27.15 0.688879394537
27.2 0.684896850573
27.25 0.690539550806
27.3 0.692318725544
27.35 0.687100219713
27.4 0.684674072291
27.45 0.676779174791
27.5 0.698690795924
27.55 0.702694702145
27.6 0.702954101539
27.65 0.705398559557
27.7 0.685894775377
27.75 0.68523559569
27.8 0.681732177751
27.85 0.667526245164
27.9 0.677795410123
27.95 0.697994995134
28.0 0.722412109371
28.05 0.736477661089
28.1 0.738308715847
28.15 0.709042358344
28.2 0.679537963864
28.25 0.677880859371
28.3 0.675714111324
28.35 0.695275878933
28.4 0.711975097632
28.45 0.724893188483
28.5 0.727740478533
28.55 0.71426696777
28.6 0.708032226528
28.65 0.67436828615
28.7 0.657098388658
28.75 0.656994628892
28.8 0.670779418973
28.85 0.692041015579
28.9 0.698883056648
28.95 0.697470092759
29.0 0.673159790035
29.05 0.66845397952
29.1 0.680725097642
29.15 0.694165039091
29.2 0.705316162084
29.25 0.702319335923
29.3 0.689123535109
29.35 0.684518432624
29.4 0.685110473661
29.45 0.684384155259
29.5 0.690399169972
29.55 0.682110595656
29.6 0.684347534143
29.65 0.687628173846
29.7 0.683251953111
29.75 0.689212036151
29.8 0.683657836932
29.85 0.701864624009
