0.1 0.4296875
0.15 0.078125
0.2 0.0
0.25 0.0
0.3 0.0
0.35 0.0
0.4 0.0
0.45 0.0390625
0.5 0.04150390625
0.55 0.11962890625
0.6 0.12451171875
0.65 0.24169921875
0.7 0.2392578125
0.75 0.4833984375
0.8 0.478515625
0.85 0.966796875
0.9 0.966796875
0.95 1.62109375
1.0 1.62109375
1.05 2.28515625
1.1 2.28515625
1.15 2.64099121094
1.2 2.94921875
1.25 2.724609375
1.3 3.61328125
1.35 3.11218261719
1.4 4.27734375
1.45 3.7255859375
1.5 4.8583984375
1.55 4.32189941406
1.6 5.35888671875
1.65 5.10925292969
1.7 5.68115234375
1.75 5.98937988281
1.8 5.88623046875
1.85 6.74133300781
1.9 6.23779296875
1.95 7.1875
2.0 6.66076660156
2.05 7.6416015625
2.1 7.30224609375
2.15 8.02124023437
2.2 8.07006835937
2.25 8.3740234375
2.3 8.55895996093
2.35 8.74877929687
2.4 8.78784179687
2.45 8.97033691406
2.5 9.28771972656
2.55 9.11193847656
2.6 9.62890625
2.65 9.54833984375
2.7 9.54650878906
2.75 9.82421875
2.8 9.81811523437
2.85 9.72900390625
2.9 10.1147460937
2.95 9.96826171874
3.0 10.0500488281
3.05 10.1977539062
3.1 10.0366210937
3.15 10.1263427734
3.2 10.0524902344
3.25 9.94934082029
3.3 10.0006103515
3.35 9.98168945312
3.4 10.0103759766
3.45 10.029296875
3.5 9.98413085938
3.55 9.98657226563
3.6 9.99206542966
3.65 9.96765136718
3.7 10.0244140625
3.75 10.0415039062
3.8 9.97375488283
3.85 10.0299072266
3.9 9.94506835937
3.95 9.94506835934
4.0 10.0
4.05 9.9645996094
4.1 10.0250244141
4.15 10.0286865234
4.2 10.0170898437
4.25 9.95727539059
4.3 10.0274658203
4.35 9.97253417968
4.4 9.97802734375
4.45 10.0402832031
4.5 9.96520996094
4.55 10.009765625
4.6 9.98657226562
4.65 9.98901367187
4.7 10.0299072266
4.75 10.0341796875
4.8 10.0616455078
4.85 9.99633789062
4.9 9.9389648437
4.95 9.89013671875
5.0 9.42138671875
5.05 9.50195312506
5.1 9.37622070312
5.15 9.35058593756
5.2 9.70397949219
5.25 9.78149414057
5.3 9.93530273444
5.35 10.1049804687
5.4 10.2691650391
5.45 10.1770019532
5.5 10.0750732421
5.55 10.09765625
5.6 10.0103759766
5.65 9.97436523431
5.7 10.0805664062
5.75 9.94506835937
5.8 9.96337890625
5.85 9.9914550782
5.9 9.96154785164
5.95 9.9621582032
6.0 9.97253417961
6.05 9.97009277336
6.1 9.99755859375
6.15 10.0537109374
6.2 10.0598144531
6.25 10.0024414062
6.3 9.97619628898
6.35 9.93713378906
6.4 9.94079589853
6.45 10.0524902344
6.5 10.0335693359
6.55 10.0079345703
6.6 10.001220703
6.65 9.96398925781
6.7 9.98657226562
6.75 10.0048828125
6.8 10.0048828125
6.85 10.0
6.9 9.99755859375
6.95 10.0067138672
7.0 10.0067138672
7.05 9.98657226573
7.1 10.0274658203
7.15 10.0073242188
7.2 10.009765625
7.25 10.0024414063
7.3 9.97924804688
7.35 10.0408935547
7.4 9.9853515625
7.45 10.0048828125
7.5 10.0189208986
7.55 10.0073242187
7.6 10.0042724611
7.65 10.0158691405
7.7 10.0
7.75 9.99145507812
7.8 10.0299072264
7.85 9.98229980469
7.9 9.94140624987
7.95 9.96459960951
8.0 9.97802734376
8.05 10.0067138673
8.1 10.0244140626
8.15 9.98229980458
8.2 10.009765625
8.25 10.0042724608
8.3 10.0189208983
8.35 10.0073242188
8.4 9.9920654298
8.45 10.009765625
8.5 10.0085449219
8.55 9.97192382814
8.6 10.0323486327
8.65 10.0305175781
8.7 9.98474121097
8.75 10.0561523438
8.8 10.0152587891
8.85 9.98291015631
8.9 10.0048828125
8.95 9.97253417975
9.0 9.95178222659
9.05 9.96643066408
9.1 9.99938964846
9.15 10.0122070313
9.2 9.99755859377
9.25 10.0073242188
9.3 9.99938964846
9.35 9.97558593751
9.4 10.0201416016
9.45 10.0512695313
9.5 10.0280761719
9.55 10.0024414063
9.6 9.97863769534
9.65 9.93530273439
9.7 9.97558593747
9.75 9.9920654297
9.8 9.99694824221
9.85 10.0524902344
9.9 10.0390625
9.95 9.94934082026
10.0 9.08203125003
10.05 9.31274414064
10.1 9.12109375009
10.15 9.26757812509
10.2 9.74365234377
10.25 8.85986328116
10.3 9.36767578128
10.35 7.88574218741
10.4 8.23974609364
10.45 7.92907714857
10.5 6.50146484364
10.55 7.84851074233
10.6 6.69860839859
10.65 6.24572753893
10.7 6.98974609375
10.75 6.24328613267
10.8 5.97900390628
10.85 6.38427734393
10.9 5.67138671875
10.95 5.60607910176
11.0 6.20300292971
11.05 5.93749999982
11.1 5.79650878927
11.15 5.59143066409
11.2 5.28686523418
11.25 5.48828125
11.3 5.56823730448
11.35 5.08422851542
11.4 5.2392578125
11.45 5.14892578125
11.5 5.00122070338
11.55 5.33569335963
11.6 4.95361328125
11.65 4.87182617214
11.7 5.05493164038
11.75 5.03295898412
11.8 5.08544921903
11.85 4.94506835911
11.9 4.62646484375
11.95 4.81506347686
12.0 4.79492187472
12.05 4.72290039094
12.1 4.73876953125
12.15 4.53308105439
12.2 4.57763671875
12.25 4.74731445282
12.3 4.68994140625
12.35 4.57275390625
12.4 4.57519531285
12.45 4.48486328125
12.5 4.60693359375
12.55 4.61181640625
12.6 4.45007324221
12.65 4.48974609375
12.7 4.54467773476
12.75 4.599609375
12.8 4.71496581995
12.85 4.5068359379
12.9 4.39880371096
12.95 4.40063476603
13.0 4.32373046875
13.05 4.53857421836
13.1 4.43054199179
13.15 4.44213867147
13.2 4.47509765625
13.25 4.35791015625
13.3 4.47509765625
13.35 4.40673828125
13.4 4.40673828125
13.45 4.52392578125
13.5 4.48242187547
13.55 4.45861816454
13.6 4.44091796875
13.65 4.2431640625
13.7 4.28710937454
13.75 4.46472167922
13.8 4.443359375
13.85 4.5019531255
13.9 4.43847656301
13.95 4.32983398489
14.0 4.35791015625
14.05 4.45556640575
14.1 4.51904296824
14.15 4.47204589846
14.2 4.43603515625
14.25 4.2822265625
14.3 4.3603515625
14.35 4.35852050784
14.4 4.4482421875
14.45 4.4775390625
14.5 4.31396484375
14.55 4.35913085882
14.6 4.2901611334
14.65 4.35791015625
14.7 4.43542480528
14.75 4.36279296935
14.8 4.37927246035
14.85 4.3212890625
14.9 4.33166503908
14.95 4.5019531244
15.0 4.37988281313
15.05 4.5361328125
15.1 4.32739257815
15.15 4.26452636783
15.2 4.35791015562
15.25 4.12109375
15.3 4.47631835874
15.35 4.31457519468
15.4 4.3273925788
15.45 4.43115234375
15.5 4.11865234375
15.55 4.3096923835
15.6 4.26147460871
15.65 4.24072265625
15.7 4.4628906257
15.75 4.32434082034
15.8 4.34387207103
15.85 4.29687500072
15.9 4.2529296868
15.95 4.32006835867
16.0 4.36950683523
16.05 4.37255859304
16.1 4.38049316481
16.15 4.309082032
16.2 4.27734375
16.25 4.44091796875
16.3 4.36950683519
16.35 4.4458007805
16.4 4.4775390625
16.45 4.3292236336
16.5 4.35241699298
16.55 4.35546875
16.6 4.36157226643
16.65 4.42565917891
16.7 4.44641113203
16.75 4.35791015625
16.8 4.35546875002
16.85 4.31396484375
16.9 4.2822265625
16.95 4.35241699303
17.0 4.35913085855
17.05 4.36279296875
17.1 4.43115234375
17.15 4.40490722573
17.2 4.28955078212
17.25 4.31396484375
17.3 4.3212890625
17.35 4.3212890625
17.4 4.38720703039
17.45 4.38659668058
17.5 4.37866211027
17.55 4.35302734375
17.6 4.31884765625
17.65 4.36828613192
17.7 4.25903320223
17.75 4.33837890718
17.8 4.3896484375
17.85 4.24072265625
17.9 4.28955078219
17.95 4.21630859283
18.0 4.24560546875
18.05 4.40307617283
18.1 4.33593749906
18.15 4.31457519628
18.2 4.3115234375
18.25 4.30786132717
18.3 4.40185546875
18.35 4.44396972659
18.4 4.31640625
18.45 4.31640625
18.5 4.23583984375
18.55 4.27734375002
18.6 4.40795898539
18.65 4.35791015625
18.7 4.31640625
18.75 4.27673339846
18.8 4.2810058594
18.85 4.27490234375
18.9 4.35546875
18.95 4.39147949116
19.0 4.35485839846
19.05 4.39453125
19.1 4.35791015625
19.15 4.35546875
19.2 4.27734375002
19.25 4.2822265625
19.3 4.31396484375
19.35 4.27612304797
19.4 4.32250976565
19.45 4.2156982433
19.5 4.24072265625
19.55 4.23706054578
19.6 4.25476074109
19.65 4.37561035046
19.7 4.35302734375
19.75 4.29199218864
19.8 4.31884765625
19.85 4.2724609375
19.9 4.24072265626
19.95 4.5544433594
20.0 4.48974609375
20.05 4.51477050898
20.1 4.52148437499
20.15 4.07958984377
20.2 4.10583496213
20.25 4.05456542852
20.3 4.08935546875
20.35 4.12048339846
20.4 4.07043456913
20.45 4.267578125
20.5 3.78662109375
20.55 3.87878417849
20.6 4.1455078125
20.65 3.73657226686
20.7 3.80615234375
20.75 3.9013671875
20.8 3.7451171875
20.85 3.45825195189
20.9 3.69384765625
20.95 3.65966796875
21.0 3.25927734375
21.05 3.60046386847
21.1 3.5693359375
21.15 3.29833984375
21.2 3.40270996223
21.25 3.32153320315
21.3 3.3740234375
21.35 3.40576171875
21.4 3.44055175652
21.45 3.42224120964
21.5 3.21044921875
21.55 3.27880859375
21.6 3.203125
21.65 3.23974609375
21.7 3.32397461072
21.75 3.22448730604
21.8 3.22875976699
21.85 3.1982421875
21.9 3.14331054553
21.95 3.13537597521
22.0 3.20678710802
22.05 3.193359375
22.1 3.11767578125
22.15 3.115234375
22.2 3.10974121234
22.25 3.11279296875
22.3 3.154296875
22.35 3.11523437642
22.4 3.05725097659
22.45 3.00048828125
22.5 3.15185546875
22.55 3.14697265483
22.6 3.02001952983
22.65 3.06884765625
22.7 3.02612304833
22.75 2.91748046875
22.8 3.02978515625
22.85 3.06640625
22.9 2.99438476417
22.95 3.1005859375
23.0 3.05908203274
23.05 2.91748046875
23.1 2.94921875
23.15 2.95166015625
23.2 3.11523437351
23.25 3.14697265625
23.3 2.95654296875
23.35 3.10791015625
23.4 2.98828125
23.45 2.97119140779
23.5 3.10546875
23.55 2.91259765625
23.6 2.95166015625
23.65 3.01879882815
23.7 3.02978515625
23.75 2.98828125
23.8 2.9833984375
23.85 2.97729492032
23.9 3.02734375
23.95 3.06884765625
24.0 2.92663574379
24.05 3.02978515625
24.1 3.02734375
24.15 3.11279296875
24.2 3.13781738122
24.25 2.91015625
24.3 2.9833984375
24.35 2.94677734375
24.4 2.94921875
24.45 3.1079101579
24.5 2.95166015625
24.55 2.94921875
24.6 3.05847168135
24.65 3.02246093586
24.7 2.998046875
24.75 3.0480957048
24.8 2.9205322249
24.85 2.998046875
24.9 3.10302734376
24.95 3.2019042952
25.0 3.251953125
25.05 3.1689453125
25.1 3.17138671874
25.15 2.94189453125
25.2 3.10302734375
25.25 3.0322265625
25.3 2.9150390625
25.35 3.14697265625
25.4 2.91748046875
25.45 3.00659179863
25.5 3.1787109375
25.55 2.9150390625
25.6 3.06457519708
25.65 3.08471679512
25.7 2.958984375
25.75 3.06274414241
25.8 2.98522949042
25.85 3.0322265625
25.9 2.98583984375
25.95 2.98950195134
26.0 2.99072265625
26.05 2.94677734375
26.1 2.98828125
26.15 3.02734375
26.2 3.06884765625
26.25 2.95166015625
26.3 3.02978515625
26.35 3.0322265625
26.4 2.95166015811
26.45 2.99072265625
26.5 3.02978515625
26.55 3.06884765625
26.6 3.09570312502
26.65 3.10791015625
26.7 2.98828125
26.75 2.98583984375
26.8 3.03466796687
26.85 2.97729492378
26.9 3.06640625
26.95 2.9931640625
27.0 2.958984375
27.05 3.08898925783
27.1 2.99072265625
27.15 2.94921875
27.2 3.03588867382
27.25 2.97912597464
27.3 3.02612304883
27.35 3.06396484375
27.4 2.98217773243
27.45 3.02246093947
27.5 2.98706054492
27.55 2.9541015625
27.6 3.02490234375
27.65 2.95166015428
27.7 2.91748046875
27.75 3.06091308794
27.8 2.91015625
27.85 2.90283203326
27.9 3.04016113483
27.95 2.87170409956
28.0 2.95166015828
28.05 3.15429687299
28.1 2.93151855267
28.15 2.98828125
28.2 3.14208984172
28.25 2.89306640831
28.3 3.06640625
28.35 3.02734375
28.4 2.91259765625
28.45 3.00781249795
28.5 3.01696777552
28.55 2.99072265625
28.6 2.9443359375
28.65 2.9931640625
28.7 3.00354003698
28.75 3.06640625
28.8 2.96325683805
28.85 3.1005859375
28.9 3.02978515625
28.95 2.99560546875
29.0 3.13049316195
29.05 2.99072265625
29.1 2.96325683809
29.15 3.02734375
29.2 2.91748046875
29.25 2.91259765625
29.3 3.05786132815
29.35 2.98828125
29.4 3.06884765625
29.45 3.02978515625
29.5 2.90466308377
29.55 2.9980468772
29.6 2.98828125
29.65 2.99072265625
29.7 3.0224609375
29.75 2.97851562281
29.8 3.02734375
29.85 2.978515625
