0.1 0.0
0.15 0.0
0.2 0.0
0.25 0.0
0.3 0.0
0.35 0.0
0.4 0.0
0.45 0.0
0.5 0.0
0.55 0.003125
0.6 0.003125
0.65 0.0140625
0.7 0.0140625
0.75 0.0515625
0.8 0.0515625
0.85 0.196875
0.9 0.196875
0.95 0.2970703125
1.0 0.2970703125
1.05 0.3830078125
1.1 0.3830078125
1.15 0.539501953125
1.2 0.56015625
1.25 0.47939453125
1.3 0.60615234375
1.35 0.386376953125
1.4 0.67578125
1.45 0.521728515625
1.5 0.783154296875
1.55 0.705615234375
1.6 0.67529296875
1.65 0.667919921875
1.7 0.69189453125
1.75 0.696337890625
1.8 0.767724609375
1.85 0.7892578125
1.9 0.850732421876
1.95 1.02041015625
2.0 1.06528320313
2.05 1.44956054687
2.1 1.24116210937
2.15 1.23095703125
2.2 1.10732421874
2.25 0.940624999994
2.3 0.869726562497
2.35 1.3337890625
2.4 1.3966796875
2.45 2.0771484375
2.5 2.35097656249
2.55 2.49707031249
2.6 2.89780273437
2.65 2.81333007811
2.7 2.81093749999
2.75 2.72241210936
2.8 2.49721679686
2.85 2.00581054686
2.9 1.79882812498
2.95 1.25136718748
3.0 1.03613281247
3.05 0.844873046846
3.1 0.690771484343
3.15 0.632128906216
3.2 0.389648437481
3.25 0.279687499989
3.3 0.268212890622
3.35 0.272558593751
3.4 0.275195312495
3.45 0.321386718746
3.5 0.287597656247
3.55 0.246874999995
3.6 0.251220703119
3.65 0.218505859371
3.7 0.227978515621
3.75 0.263671874998
3.8 0.232666015626
3.85 0.253076171872
3.9 0.225195312496
3.95 0.203466796873
4.0 0.248095703124
4.05 0.243701171877
4.1 0.290820312499
4.15 0.324609374999
4.2 0.303515624999
4.25 0.281933593748
4.3 0.277880859376
4.35 0.222216796872
4.4 0.252734374999
4.45 0.274316406248
4.5 0.276757812499
4.55 0.322802734377
4.6 0.311523437496
4.65 0.325683593751
4.7 0.322802734375
4.75 0.302001953123
4.8 0.27836914062
4.85 0.228564453116
4.9 0.203759765621
4.95 0.241894531248
5.0 0.366259765624
5.05 0.72036132813
5.1 0.785644531235
5.15 0.831201171875
5.2 0.820166015624
5.25 0.720898437493
5.3 0.770166015638
5.35 0.883398437498
5.4 0.822509765628
5.45 0.701318359379
5.5 0.611621093748
5.55 0.476855468749
5.6 0.417822265624
5.65 0.293115234374
5.7 0.280078125001
5.75 0.233691406245
5.8 0.262841796876
5.85 0.271142578126
5.9 0.298046874999
5.95 0.284912109378
6.0 0.293505859362
6.05 0.275585937492
6.1 0.266455078117
6.15 0.301464843743
6.2 0.303515625001
6.25 0.317724609371
6.3 0.303564453114
6.35 0.284521484365
6.4 0.282714843747
6.45 0.295800781247
6.5 0.303125000004
6.55 0.301513671872
6.6 0.30537109375
6.65 0.326660156251
6.7 0.326513671868
6.75 0.303076171881
6.8 0.277539062495
6.85 0.247363281242
6.9 0.241406249991
6.95 0.278222656243
7.0 0.296337890621
7.05 0.31943359375
7.1 0.334814453134
7.15 0.306738281249
7.2 0.318457031238
7.25 0.304052734368
7.3 0.271533203118
7.35 0.303808593744
7.4 0.307617187487
7.45 0.407568359375
7.5 0.489550781249
7.55 0.476171874998
7.6 0.419873046892
7.65 0.309814453125
7.7 0.249169921876
7.75 0.2291015625
7.8 0.272216796864
7.85 0.271484374988
7.9 0.252734374986
7.95 0.240869140623
8.0 0.24355468751
8.05 0.25556640626
8.1 0.25605468751
8.15 0.263818359376
8.2 0.25244140625
8.25 0.243652343751
8.3 0.241992187495
8.35 0.268945312503
8.4 0.289746093753
8.45 0.300683593755
8.5 0.317529296894
8.55 0.291113281266
8.6 0.297119140671
8.65 0.293994140687
8.7 0.25659179695
8.75 0.253173828215
8.8 0.204833984468
8.85 0.16831054695
8.9 0.163037109426
8.95 0.182470703157
9.0 0.204638671874
9.05 0.246874999997
9.1 0.278271484377
9.15 0.278564453126
9.2 0.274218750001
9.25 0.275878906252
9.3 0.280859375
9.35 0.270263671875
9.4 0.280810546876
9.45 0.253662109374
9.5 0.201220703123
9.55 0.166552734379
9.6 0.13701171875
9.65 0.161376953128
9.7 0.223583984381
9.75 0.273730468756
9.8 0.295556640634
9.85 0.288769531267
9.9 0.26572265628
9.95 0.250000000032
10.0 0.23603515629
10.05 0.785742187523
10.1 0.966357421889
10.15 1.25380859378
10.2 1.41464843758
10.25 1.23559570314
10.3 2.1049804688
10.35 1.85375976561
10.4 2.47358398431
10.45 2.61157226566
10.5 2.00527343747
10.55 2.38203125
10.6 1.76391601564
10.65 1.56738281247
10.7 1.17353515625
10.75 0.808740234371
10.8 0.642431640621
10.85 0.347705078118
10.9 0.304052734374
10.95 0.231982421875
11.0 0.216796874988
11.05 0.169042968754
11.1 0.131494140627
11.15 0.126708984394
11.2 0.142626953126
11.25 0.176904296877
11.3 0.175195312501
11.35 0.152001953109
11.4 0.124414062501
11.45 0.0869140625009
11.5 0.0918945312502
11.55 0.101611328126
11.6 0.0955566406256
11.65 0.0841796875003
11.7 0.0718750000012
11.75 0.0656250000009
11.8 0.069726562501
11.85 0.0710449218759
11.9 0.0677734375008
11.95 0.0904296875017
12.0 0.101855468752
12.05 0.105566406252
12.1 0.111718750001
12.15 0.0791503906256
12.2 0.0543457031258
12.25 0.0495117187507
12.3 0.0419433593755
12.35 0.0425292968751
12.4 0.0445312500001
12.45 0.0390136718749
12.5 0.0418945312496
12.55 0.0392578124993
12.6 0.0408203124991
12.65 0.0410644531243
12.7 0.0503417968754
12.75 0.0650878906263
12.8 0.0583984375014
12.85 0.0566406250329
12.9 0.0349609375005
12.95 0.0302246093749
13.0 0.041943359375
13.05 0.0569824218434
13.1 0.0692382812503
13.15 0.0796875000011
13.2 0.0765625000005
13.25 0.0768554687509
13.3 0.0698242187503
13.35 0.0559082031248
13.4 0.0740234375009
13.45 0.0788574218777
13.5 0.0986328125034
13.55 0.104394531253
13.6 0.0869628906278
13.65 0.087841796876
13.7 0.0748535156257
13.75 0.0901855468759
13.8 0.101318359375
13.85 0.0826660156253
13.9 0.0757812500004
13.95 0.0577636718753
14.0 0.0423828125007
14.05 0.0378417968757
14.1 0.0412597656255
14.15 0.048046875001
14.2 0.0491210937512
14.25 0.053613281251
14.3 0.0464843750006
14.35 0.04326171875
14.4 0.0553710937499
14.45 0.0593261718767
14.5 0.0649902343767
14.55 0.0602539062522
14.6 0.047412109377
14.65 0.0517089843762
14.7 0.0546875000017
14.75 0.046386718751
14.8 0.0398925781264
14.85 0.0265625000006
14.9 0.028076171876
14.95 0.0463378906263
15.0 0.0563476562515
15.05 0.0575195312516
15.1 0.0487792968762
15.15 0.0447753906268
15.2 0.043750000002
15.25 0.0400878906268
15.3 0.0604003906272
15.35 0.0501953125016
15.4 0.0478515625008
15.45 0.0525878906258
15.5 0.0337402343753
15.55 0.0404296875003
15.6 0.0498535156254
15.65 0.0575195312501
15.7 0.0717285156251
15.75 0.0849121093755
15.8 0.0805175781257
15.85 0.101464843809
15.9 0.104882812503
15.95 0.105322265629
16.0 0.101757812503
16.05 0.0732910155704
16.1 0.0660644531862
16.15 0.0469726562502
16.2 0.0610839843758
16.25 0.0755371093759
16.3 0.0626464843163
16.35 0.0720703125015
16.4 0.0522949218762
16.45 0.0391113281887
16.5 0.0540527343758
16.55 0.0515136718758
16.6 0.0616699218757
16.65 0.0636230468129
16.7 0.0503906250008
16.75 0.0428222656253
16.8 0.0364746093751
16.85 0.0467773437502
16.9 0.047900390625
16.95 0.0520019531252
17.0 0.0458007812501
17.05 0.0303222656252
17.1 0.0517578125005
17.15 0.0560058593755
17.2 0.0737792968759
17.25 0.0893554687512
17.3 0.078027343751
17.35 0.0708007812508
17.4 0.0550781250008
17.45 0.060742187573
17.5 0.0726074218768
17.55 0.0821289062526
17.6 0.0801757812522
17.65 0.0620117186798
17.7 0.0510253906258
17.75 0.05302734375
17.8 0.0605468749997
17.85 0.0631347656251
17.9 0.0606933593753
17.95 0.0626953125008
18.0 0.0634765625014
18.05 0.0648925781261
18.1 0.0649414062506
18.15 0.0651367187507
18.2 0.0633789062506
18.25 0.0816406250007
18.3 0.0870605468761
18.35 0.0875976562509
18.4 0.090820312501
18.45 0.0770507812503
18.5 0.0582519531254
18.55 0.0529296875005
18.6 0.0453125000007
18.65 0.0350097656261
18.7 0.0408691406262
18.75 0.0441894531254
18.8 0.043798828125
18.85 0.0417968749996
18.9 0.0369628906238
18.95 0.0385742187492
19.0 0.0458007813341
19.05 0.0579101562499
19.1 0.0630859375004
19.15 0.0520019531253
19.2 0.0438476561652
19.25 0.0414550781251
19.3 0.0417968750001
19.35 0.0397949218752
19.4 0.0520507812504
19.45 0.0411621093749
19.5 0.0479492187505
19.55 0.0439941406253
19.6 0.0410644531253
19.65 0.0483886718756
19.7 0.0399902343754
19.75 0.0386230468757
19.8 0.0336914062507
19.85 0.0348144531255
19.9 0.0366699218751
19.95 0.052490234468
20.0 0.0551269531249
20.05 0.0587890624993
20.1 0.0538085937494
20.15 0.0651855468761
20.2 0.0693359375944
20.25 0.0586914062499
20.3 0.08291015625
20.35 0.0607421874055
20.4 0.0442871092803
20.45 0.0732421874986
20.5 0.0449707031233
20.55 0.0850585937497
20.6 0.163232421876
20.65 0.140087890726
20.7 0.158349609378
20.75 0.134863281251
20.8 0.0801757812503
20.85 0.0710449217764
20.9 0.0777343750001
20.95 0.0603515624998
21.0 0.0401855468748
21.05 0.0509765624997
21.1 0.0288574218745
21.15 0.0259277343748
21.2 0.0366699219784
21.25 0.0304687501042
21.3 0.0351562500002
21.35 0.0378906250003
21.4 0.0395996092717
21.45 0.032128906146
21.5 0.0361816406249
21.55 0.051904296875
21.6 0.0548339843758
21.65 0.0638671875008
21.7 0.0626464843761
21.75 0.051660156251
21.8 0.0417480468751
21.85 0.0400390625001
21.9 0.0374023437503
21.95 0.0439453125002
22.0 0.0460937500003
22.05 0.0416503906253
22.1 0.0368164062502
22.15 0.0315917968752
22.2 0.0292968750001
22.25 0.0479492187503
22.3 0.0499511718752
22.35 0.0504882812499
22.4 0.04150390625
22.45 0.0301757812501
22.5 0.0333984375002
22.55 0.0188964843754
22.6 0.0218261718753
22.65 0.0230957031251
22.7 0.0233398437501
22.75 0.0373535156251
22.8 0.0406738281247
22.85 0.0361816406249
22.9 0.02802734375
22.95 0.0186035156249
23.0 0.0181640625003
23.05 0.0113769531249
23.1 0.0168945312499
23.15 0.0173339843749
23.2 0.0172851562499
23.25 0.03310546875
23.3 0.033154296875
23.35 0.0359374999999
23.4 0.0301757812499
23.45 0.01416015625
23.5 0.010986328125
23.55 0.00263671875
23.6 0.00839843750001
23.65 0.0119628907498
23.7 0.0118164062499
23.75 0.0254882812499
23.8 0.0228027343748
23.85 0.02260742175
23.9 0.0284667968749
23.95 0.0147949218749
24.0 0.0145996093751
24.05 0.0217773437503
24.1 0.0231445312501
24.15 0.0260742187501
24.2 0.0273437499999
24.25 0.0168945312494
24.3 0.0231933593746
24.35 0.0283691406247
24.4 0.030224609375
24.45 0.0431640625004
24.5 0.0360351562503
24.55 0.02802734375
24.6 0.0249023437498
24.65 0.0205078124996
24.7 0.0151367187496
24.75 0.0212402343749
24.8 0.0239257812501
24.85 0.0291992187501
24.9 0.0327148437501
24.95 0.029443359375
25.0 0.025146484375
25.05 0.016162109375
25.1 0.0256835937501
25.15 0.0288085937499
25.2 0.0380371093749
25.25 0.0431640624998
25.3 0.0323242187498
25.35 0.04033203125
25.4 0.029833984375
25.45 0.0270996095155
25.5 0.0277343750002
25.55 0.0179199218752
25.6 0.0265625000002
25.65 0.0192382811098
25.7 0.01552734375
25.75 0.0194335937501
25.8 0.0167480468752
25.85 0.0180175781253
25.9 0.0182617187503
25.95 0.0188476562507
26.0 0.0188964843758
26.05 0.0239746093757
26.1 0.0247070312508
26.15 0.0291992187504
26.2 0.0264648437502
26.25 0.0236328125004
26.3 0.0299804687502
26.35 0.0249023437502
26.4 0.0242675781251
26.45 0.0297363281249
26.5 0.0302246093751
26.55 0.0291992187501
26.6 0.0378417968751
26.65 0.0449707031252
26.7 0.0429199218751
26.75 0.0467773437501
26.8 0.0432128906251
26.85 0.0333984376524
26.9 0.0322265625001
26.95 0.0282714843751
27.0 0.0268066406253
27.05 0.0262695310979
27.1 0.0232910156251
27.15 0.0193359375001
27.2 0.017822265625
27.25 0.01494140625
27.3 0.0222656251563
27.35 0.0276855468751
27.4 0.0353515625002
27.45 0.0380371093751
27.5 0.0295898435939
27.55 0.02841796875
27.6 0.0333007812498
27.65 0.0329589843749
27.7 0.0371582031251
27.75 0.0344238281251
27.8 0.0284179687502
27.85 0.0306152343751
27.9 0.0344726562501
27.95 0.0345703125
28.0 0.037744140625
28.05 0.0349121093752
28.1 0.0282226562502
28.15 0.0261718750001
28.2 0.0203125000002
28.25 0.01572265625
28.3 0.0144042968749
28.35 0.02353515625
28.4 0.0291992187501
28.45 0.0439453125001
28.5 0.0436523437502
28.55 0.0431640625001
28.6 0.0369140625001
28.65 0.025146484375
28.7 0.0271972656251
28.75 0.0248535156251
28.8 0.0173828125002
28.85 0.0222167968753
28.9 0.0255371093752
28.95 0.0226562500001
29.0 0.0285156250001
29.05 0.0208496093753
29.1 0.015966797047
29.15 0.0135742187504
29.2 0.0129882812502
29.25 0.0198730468751
29.3 0.0222656248284
29.35 0.0243652343752
29.4 0.0214355468752
29.45 0.024658203125
29.5 0.02177734375
29.55 0.0232910156249
29.6 0.0270996093751
29.65 0.0277832031254
29.7 0.0278320312504
29.75 0.0334472656255
29.8 0.0380859375005
29.85 0.0313964843753
