0.1 0.00390625
0.15 0.0
0.2 0.0
0.25 0.0
0.3 0.0
0.35 0.0
0.4 0.0
0.45 0.0
0.5 0.0
0.55 0.0
0.6 0.0
0.65 0.0
0.7 0.0
0.75 0.0
0.8 0.0
0.85 0.0
0.9 0.0
0.95 0.00028076171875
1.0 0.00028076171875
1.05 0.00028076171875
1.1 0.00028076171875
1.15 0.0109039306641
1.2 0.0121337890625
1.25 0.0205444335938
1.3 0.0273895263672
1.35 0.0212158203125
1.4 0.0328979492188
1.45 0.0253723144531
1.5 0.0382232666016
1.55 0.0335083007813
1.6 0.0364715576172
1.65 0.0355865478516
1.7 0.0385070800782
1.75 0.038558959961
1.8 0.0403442382813
1.85 0.0406982421875
1.9 0.0429504394532
1.95 0.0465118408204
2.0 0.0480102539063
2.05 0.0675872802734
2.1 0.056930541992
2.15 0.0605621337888
2.2 0.0571533203121
2.25 0.0507873535151
2.3 0.0444488525387
2.35 0.0667846679684
2.4 0.0589416503903
2.45 0.0852294921873
2.5 0.0974029541012
2.55 0.103530883789
2.6 0.130508422851
2.65 0.128060913085
2.7 0.130041503906
2.75 0.126684570312
2.8 0.119467163085
2.85 0.098641967772
2.9 0.0907135009744
2.95 0.0658172607396
3.0 0.0542846679649
3.05 0.0456604003853
3.1 0.037359619134
3.15 0.034646606438
3.2 0.0227600097595
3.25 0.0183654785112
3.3 0.0195281982398
3.35 0.019216918944
3.4 0.0191375732408
3.45 0.0218292236313
3.5 0.0188140869124
3.55 0.0176330566388
3.6 0.016845703123
3.65 0.0129364013654
3.7 0.0128295898422
3.75 0.0143981933581
3.8 0.0140899658195
3.85 0.017089843749
3.9 0.0165832519521
3.95 0.0153320312488
4.0 0.0157806396472
4.05 0.0143798828113
4.1 0.0149444580063
4.15 0.0155975341786
4.2 0.015817260741
4.25 0.0147583007798
4.3 0.0150817871085
4.35 0.0133453369129
4.4 0.0138549804679
4.45 0.0148468017567
4.5 0.0146087646472
4.55 0.0158874511707
4.6 0.0155792236315
4.65 0.0162048339833
4.7 0.0163543701161
4.75 0.0161468505845
4.8 0.0153808593734
4.85 0.0136474609361
4.9 0.0130920410139
4.95 0.0219757080153
5.0 0.0315338134841
5.05 0.0484436035235
5.1 0.0520202636794
5.15 0.0479858398431
5.2 0.0432250976555
5.25 0.0373687744134
5.3 0.0386352539062
5.35 0.0423156738272
5.4 0.0401184082024
5.45 0.0347167968739
5.5 0.0298156738268
5.55 0.0243347167957
5.6 0.0212249755848
5.65 0.015624999999
5.7 0.0152648925774
5.75 0.0120727539052
5.8 0.0131958007808
5.85 0.0140319824213
5.9 0.0163269042961
5.95 0.0177520751945
6.0 0.0179962158187
6.05 0.0184082031227
6.1 0.0172515869117
6.15 0.0174621582008
6.2 0.0185913085912
6.25 0.0184295654282
6.3 0.0184326171861
6.35 0.0176757812489
6.4 0.0174835205071
6.45 0.0171966552719
6.5 0.0164245605449
6.55 0.0158905029272
6.6 0.0153411865216
6.65 0.0160552978502
6.7 0.0165802001942
6.75 0.0158752441393
6.8 0.0148193359357
6.85 0.0144836425755
6.9 0.0144439697233
6.95 0.0149658203099
7.0 0.0156799316379
7.05 0.0160614013654
7.1 0.0165557861317
7.15 0.0160491943347
7.2 0.016076660154
7.25 0.016757202146
7.3 0.0156066894502
7.35 0.0164428710911
7.4 0.0173980712863
7.45 0.0220367431626
7.5 0.0258941650378
7.55 0.0270904541001
7.6 0.0257446289059
7.65 0.0196014404284
7.7 0.0160369873039
7.75 0.0144378662102
7.8 0.0153381347641
7.85 0.0159515380842
7.9 0.0154968261696
7.95 0.0154907226551
8.0 0.0148315429696
8.05 0.0147918701195
8.1 0.0148712158238
8.15 0.0143890380894
8.2 0.0138061523472
8.25 0.0130371093783
8.3 0.0129638671912
8.35 0.0140808105507
8.4 0.0142089843789
8.45 0.014718627933
8.5 0.0147949218797
8.55 0.01509094239
8.6 0.015606689465
8.65 0.0161010742349
8.7 0.015756225605
8.75 0.0144256592025
8.8 0.0135223388899
8.85 0.011926269551
8.9 0.01174011232
8.95 0.0118316650479
9.0 0.0118774414101
9.05 0.0119232177763
9.1 0.0121307373073
9.15 0.0119812011744
9.2 0.011614990237
9.25 0.0119628906275
9.3 0.0118835449244
9.35 0.0117248535182
9.4 0.0121917724635
9.45 0.0112274169947
9.5 0.0099334716819
9.55 0.00934448242424
9.6 0.00904235840073
9.65 0.0095092773464
9.7 0.0116088867217
9.75 0.0136993408242
9.8 0.0147735595755
9.85 0.0160766601633
9.9 0.0167663574323
9.95 0.018112182625
10.0 0.0186828613345
10.05 0.0458618164107
10.1 0.0547271728542
10.15 0.0658935546941
10.2 0.0695983886816
10.25 0.0596832275456
10.3 0.109896850594
10.35 0.0994293212917
10.4 0.137036132813
10.45 0.148956298833
10.5 0.110467529297
10.55 0.128939819339
10.6 0.096862792971
10.65 0.0817657470701
10.7 0.0619171142597
10.75 0.0411743164076
10.8 0.0302978515635
10.85 0.0138946533212
10.9 0.0113037109382
10.95 0.00973205566475
11.0 0.0086486816414
11.05 0.00855102539142
11.1 0.00711975097826
11.15 0.00515441894581
11.2 0.0056152343755
11.25 0.0066192626959
11.3 0.00661315917917
11.35 0.00617370605518
11.4 0.00539550781296
11.45 0.00461730957075
11.5 0.00518188476614
11.55 0.00655822754225
11.6 0.00613098144591
11.65 0.00533142089904
11.7 0.00494079589904
11.75 0.00444335937301
11.8 0.00429992675829
11.85 0.00480346679731
11.9 0.00419006347689
11.95 0.0053009033207
12.0 0.00586853027394
12.05 0.00599670410204
12.1 0.00628967285209
12.15 0.00517578125041
12.2 0.00505371093786
12.25 0.00474853515657
12.3 0.00473022460969
12.35 0.00463256835967
12.4 0.004187011719
12.45 0.00508728027372
12.5 0.00522766113314
12.55 0.0054107666019
12.6 0.00494689941437
12.65 0.00412597656278
12.7 0.00413208007838
12.75 0.00396118164092
12.8 0.00446777343783
12.85 0.00418090820552
12.9 0.00347900390664
12.95 0.00321655273472
13.0 0.00283813476595
13.05 0.00260925292791
13.1 0.00287170410176
13.15 0.00369567871119
13.2 0.00397644042997
13.25 0.00426025390655
13.3 0.00376281738306
13.35 0.00260925292986
13.4 0.00229187011735
13.45 0.00187988281274
13.5 0.00279235839877
13.55 0.0028228759769
13.6 0.00339050293003
13.65 0.00364685058625
13.7 0.00301208496121
13.75 0.00391845703156
13.8 0.00420532226597
13.85 0.00433044433624
13.9 0.00498046875036
13.95 0.00473327636759
14.0 0.00361633300818
14.05 0.00293273925815
14.1 0.00292053222687
14.15 0.00269165039096
14.2 0.00308532714879
14.25 0.00275268554722
14.3 0.00251464843782
14.35 0.00219116210959
14.4 0.00276184082058
14.45 0.00322265625032
14.5 0.00274353027376
14.55 0.00314331054729
14.6 0.00239257812531
14.65 0.00262756347686
14.7 0.00357666015661
14.75 0.00317382812527
14.8 0.00309143066436
14.85 0.00363464355499
14.9 0.00383911132881
14.95 0.0086547851082
15.0 0.00883178706144
15.05 0.00914306635842
15.1 0.00802612299863
15.15 0.00391235351618
15.2 0.00374145507853
15.25 0.00291442871119
15.3 0.00365905761745
15.35 0.00285339355491
15.4 0.00287170410179
15.45 0.00230102539084
15.5 0.00148925781265
15.55 0.00259704589866
15.6 0.00353088378933
15.65 0.00361328125028
15.7 0.00410461425813
15.75 0.00348510742213
15.8 0.0025054931643
15.85 0.00413818359411
15.9 0.00425109863326
15.95 0.00464782714891
16.0 0.00514526367236
16.05 0.0031921386722
16.1 0.00281372070332
16.15 0.00188903808609
16.2 0.00166931152359
16.25 0.00231018066429
16.3 0.00220947265649
16.35 0.00242004394558
16.4 0.00245666503931
16.45 0.00192565917987
16.5 0.00242614746111
16.55 0.0029052734377
16.6 0.00331726074242
16.65 0.00365600585964
16.7 0.00316772460963
16.75 0.00223083496112
16.8 0.00171203613296
16.85 0.00198059082044
16.9 0.00249633789076
16.95 0.00341491699235
17.0 0.00325012207047
17.05 0.00330200195331
17.1 0.00376892089868
17.15 0.00329284667993
17.2 0.00416870117216
17.25 0.00464782714877
17.3 0.00456848144564
17.35 0.00568237304726
17.4 0.00497741699253
17.45 0.00531921387202
17.5 0.00493164062532
17.55 0.00451660156285
17.6 0.00431823730504
17.65 0.00346679687084
17.7 0.00308532714873
17.75 0.00286865234396
17.8 0.00285034179707
17.85 0.00282592773459
17.9 0.00292663574238
17.95 0.00285034179715
18.0 0.00323791503936
18.05 0.00310363769557
18.1 0.00289916992213
18.15 0.00325317382836
18.2 0.00312500000023
18.25 0.0039031982425
18.3 0.00493469238317
18.35 0.00410156250031
18.4 0.0041503906253
18.45 0.00361633300802
18.5 0.00254516601579
18.55 0.00343017578146
18.6 0.00349121093771
18.65 0.00336914062527
18.7 0.00357971191435
18.75 0.00263671875021
18.8 0.0023284912111
18.85 0.00214538574229
18.9 0.00208740234382
18.95 0.00321350097671
19.0 0.00298461914079
19.05 0.00344543457054
19.1 0.00322875976585
19.15 0.00227355957052
19.2 0.00287780761741
19.25 0.00293579101586
19.3 0.00345153808621
19.35 0.00336914062522
19.4 0.00303955078699
19.45 0.00271606445329
19.5 0.00203552246109
19.55 0.00204467773456
19.6 0.0020446777291
19.65 0.00217895507841
19.7 0.00247802734403
19.75 0.0020843505862
19.8 0.002200317383
19.85 0.00176391601576
19.9 0.00157775878918
19.95 0.00437316894558
20.0 0.0042083740237
20.05 0.00451049804714
20.1 0.00522460937533
20.15 0.00398254395144
20.2 0.00436706542993
20.25 0.00432434082057
20.3 0.00445251464871
20.35 0.00308837890058
20.4 0.00251464843775
20.45 0.00327148437528
20.5 0.00304260253931
20.55 0.00366516113314
20.6 0.00629577636762
20.65 0.00567626953172
20.7 0.0049499511723
20.75 0.00517578125044
20.8 0.00331726074259
20.85 0.00277404785187
20.9 0.0033447265629
20.95 0.00272216796906
21.0 0.00205993652366
21.05 0.00240478516285
21.1 0.00178222656264
21.15 0.00183715820325
21.2 0.00180664063158
21.25 0.00161743163435
21.3 0.00189514160167
21.35 0.00157775878916
21.4 0.00169677733738
21.45 0.00162658691415
21.5 0.00172424316416
21.55 0.002215576172
21.6 0.00231018066423
21.65 0.00241394042984
21.7 0.00252075195328
21.75 0.00201110839858
21.8 0.00139465332039
21.85 0.00121154785166
21.9 0.000793457031334
21.95 0.00080871582039
22.0 0.00102844238289
22.05 0.00111694335945
22.1 0.00131225585945
22.15 0.00140380859384
22.2 0.00203247070325
22.25 0.00224304199231
22.3 0.00236816406262
22.35 0.00270080566419
22.4 0.00212707519542
22.45 0.00200500488292
22.5 0.00160522460947
22.55 0.000888061523499
22.6 0.00108337402349
22.65 0.000817871093789
22.7 0.000839233398481
22.75 0.000906372070364
22.8 0.000894165039126
22.85 0.000872802734474
22.9 0.00123291015637
22.95 0.00158081054702
23.0 0.0016510009767
23.05 0.00163269042979
23.1 0.00138549804696
23.15 0.00142211914072
23.2 0.00138854980481
23.25 0.00165100097669
23.3 0.00155029296888
23.35 0.00153503417982
23.4 0.00161132812513
23.45 0.00150451660171
23.5 0.00169067382827
23.55 0.00148010253917
23.6 0.00116271972664
23.65 0.00100097656255
23.7 0.00118408203131
23.75 0.00164794921883
23.8 0.00211486816416
23.85 0.0027740478517
23.9 0.00281372070327
23.95 0.00237121582043
24.0 0.00208435058605
24.05 0.00162048339853
24.1 0.00136108398447
24.15 0.00201110839858
24.2 0.00191345214857
24.25 0.00162658691418
24.3 0.00189208984389
24.35 0.00125732421884
24.4 0.00133666992197
24.45 0.00163879394542
24.5 0.00115966796883
24.55 0.00093994140632
24.6 0.000695800781306
24.65 0.00034790039067
24.7 0.000842285156318
24.75 0.000845336914121
24.8 0.00066833496099
24.85 0.00124206542976
24.9 0.000741577148486
24.95 0.000744628914708
25.0 0.000741577156892
25.05 0.000289917000634
25.1 0.000677490242834
25.15 0.000836181640675
25.2 0.00101013183599
25.25 0.000958251953166
25.3 0.000827026367217
25.35 0.0011840820313
25.4 0.00116577148444
25.45 0.00140380860259
25.5 0.00114746093757
25.55 0.000576782226603
25.6 0.000421142578148
25.65 0.000354003897503
25.7 0.000561523437541
25.75 0.000756835937551
25.8 0.00114746093757
25.85 0.00124206542976
25.9 0.00151062011727
25.95 0.00150146484388
26.0 0.00168457031265
26.05 0.00167236328141
26.1 0.00139465332045
26.15 0.00134887695321
26.2 0.00131225585946
26.25 0.000967407226617
26.3 0.00097961425787
26.35 0.00101013183599
26.4 0.000616455078151
26.45 0.000933837890674
26.5 0.00127868652351
26.55 0.00162048339854
26.6 0.00179443359386
26.65 0.0018066406251
26.7 0.00125427246101
26.75 0.000936889648488
26.8 0.00101928710943
26.85 0.00122680664069
26.9 0.00155639648447
26.95 0.00145568847665
27.0 0.00152282714855
27.05 0.00123291015634
27.1 0.000933837890698
27.15 0.00106506347664
27.2 0.000759887695361
27.25 0.000570678710977
27.3 0.00122070312508
27.35 0.0010314941407
27.4 0.00111389160163
27.45 0.00105590820319
27.5 0.000650024414096
27.55 0.000970458984441
27.6 0.000970458984433
27.65 0.00111694335944
27.7 0.000936889648502
27.75 0.00081176757817
27.8 0.000567626953164
27.85 0.000982666025726
27.9 0.00104675292974
27.95 0.00104064941411
28.0 0.0013458251954
28.05 0.0011108398338
28.1 0.00105895996104
28.15 0.000946044921968
28.2 0.000897216796946
28.25 0.000674438476611
28.3 0.000808715820364
28.35 0.00127258300789
28.4 0.00145568847665
28.45 0.00166015625013
28.5 0.00147399902356
28.55 0.00109252929697
28.6 0.000717163086023
28.65 0.000576782226615
28.7 0.000952148437589
28.75 0.00134277343761
28.8 0.00167846679699
28.85 0.00173950195325
28.9 0.00128173828133
28.95 0.00112304687507
29.0 0.00102844238287
29.05 0.00126953125009
29.1 0.00179748535168
29.15 0.00179138183608
29.2 0.00191650390639
29.25 0.00174255371108
29.3 0.00118408203136
29.35 0.00131530761728
29.4 0.00141296386729
29.45 0.00126647949226
29.5 0.00128173828132
29.55 0.00157775878915
29.6 0.00147705078133
29.65 0.00208435058604
29.7 0.00219726562511
29.75 0.0017822265626
29.8 0.00208740234389
29.85 0.00145874023448
