0.1 0.00546875
0.15 0.0
0.2 0.0
0.25 0.0
0.3 0.0
0.35 0.0
0.4 0.0
0.45 0.0
0.5 0.0
0.55 0.0
0.6 0.0
0.65 0.0
0.7 0.0
0.75 0.0
0.8 0.0
0.85 0.0
0.9 0.0
0.95 0.0
1.0 0.0
1.05 0.0
1.1 0.0
1.15 0.0
1.2 0.0
1.25 0.0
1.3 0.0
1.35 0.0
1.4 0.0
1.45 0.0
1.5 0.0
1.55 0.0
1.6 0.0
1.65 0.0
1.7 0.0
1.75 0.0
1.8 0.0
1.85 0.0
1.9 0.0
1.95 0.0
2.0 0.0
2.05 0.0
2.1 0.0
2.15 0.0
2.2 0.0
2.25 0.0
2.3 0.0
2.35 0.0
2.4 0.0
2.45 0.0
2.5 0.0
2.55 0.0
2.6 0.0
2.65 0.0
2.7 0.0
2.75 0.0
2.8 0.0
2.85 0.0
2.9 0.0
2.95 0.0
3.0 0.0
3.05 0.0
3.1 0.0
3.15 0.0
3.2 0.0
3.25 0.0
3.3 0.0
3.35 0.0
3.4 0.0
3.45 0.0
3.5 0.0
3.55 0.0
3.6 0.0
3.65 0.0
3.7 0.0
3.75 0.0
3.8 0.0
3.85 0.0
3.9 0.0
3.95 0.0
4.0 0.0
4.05 0.0
4.1 0.0
4.15 0.0
4.2 0.0
4.25 0.0
4.3 0.0
4.35 0.0
4.4 0.0
4.45 0.0
4.5 0.0
4.55 0.0
4.6 0.0
4.65 0.0
4.7 0.0
4.75 0.0
4.8 0.0
4.85 0.0
4.9 0.0
4.95 0.00112304687498
5.0 0.00112304687498
5.05 0.00112304687498
5.1 0.00112304687498
5.15 0.0
5.2 0.0
5.25 0.0
5.3 0.0
5.35 0.0
5.4 0.0
5.45 0.0
5.5 0.0
5.55 0.0
5.6 0.0
5.65 0.0
5.7 0.0
5.75 0.0
5.8 0.0
5.85 0.0
5.9 0.0
5.95 0.0
6.0 0.0
6.05 0.0
6.1 0.0
6.15 0.0
6.2 0.0
6.25 0.0
6.3 0.0
6.35 0.0
6.4 0.0
6.45 0.0
6.5 0.0
6.55 0.0
6.6 0.0
6.65 0.0
6.7 0.0
6.75 0.0
6.8 0.0
6.85 0.0
6.9 0.0
6.95 0.0
7.0 0.0
7.05 0.0
7.1 0.0
7.15 0.0
7.2 0.0
7.25 0.0
7.3 0.0
7.35 0.0
7.4 0.0
7.45 0.0
7.5 0.0
7.55 0.0
7.6 0.0
7.65 0.0
7.7 0.0
7.75 0.0
7.8 0.0
7.85 0.0
7.9 0.0
7.95 0.0
8.0 0.0
8.05 0.0
8.1 0.0
8.15 0.0
8.2 0.0
8.25 0.0
8.3 0.0
8.35 0.0
8.4 0.0
8.45 0.0
8.5 0.0
8.55 0.0
8.6 0.0
8.65 0.0
8.7 0.0
8.75 0.0
8.8 0.0
8.85 0.0
8.9 0.0
8.95 0.0
9.0 0.0
9.05 0.0
9.1 0.0
9.15 0.0
9.2 0.0
9.25 0.0
9.3 0.0
9.35 0.0
9.4 0.0
9.45 0.0
9.5 0.0
9.55 0.0
9.6 0.0
9.65 0.0
9.7 0.0
9.75 0.0
9.8 0.0
9.85 0.0
9.9 0.0
9.95 0.00136718749998
10.0 0.00136718749998
10.05 0.00136718749998
10.1 0.00136718749998
10.15 0.0
10.2 0.0
10.25 0.0
10.3 9.76562500821e-05
10.35 9.76562500821e-05
10.4 9.76562500821e-05
10.45 0.000195312500217
10.5 9.76562501354e-05
10.55 9.76562501354e-05
10.6 9.76562501354e-05
10.65 9.76562500821e-05
10.7 9.76562500821e-05
10.75 9.76562500821e-05
10.8 9.76562500821e-05
10.85 0.0
10.9 0.0
10.95 0.000195312500164
11.0 0.000292968750246
11.05 0.000292968750246
11.1 0.000292968750246
11.15 0.000195312500164
11.2 0.000195312500164
11.25 0.000195312500164
11.3 0.000195312500164
11.35 0.000195312500164
11.4 9.76562500821e-05
11.45 0.000292968750246
11.5 0.000292968750246
11.55 0.00048828125041
11.6 0.000781250000657
11.65 0.000683593750574
11.7 0.000781250000657
11.75 0.000585937500492
11.8 0.000390625000328
11.85 0.000585937500492
11.9 0.000683593750574
11.95 0.000585937500492
12.0 0.000585937500492
12.05 0.000390625000328
12.1 0.000292968750246
12.15 0.000292968750246
12.2 0.000390625000328
12.25 0.000390625000328
12.3 0.000390625000328
12.35 0.000390625000328
12.4 0.000292968750246
12.45 0.000292968750246
12.5 0.000292968750246
12.55 0.00048828125041
12.6 0.00048828125041
12.65 0.000585937500492
12.7 0.000781250000657
12.75 0.000585937500492
12.8 0.000683593750574
12.85 0.00048828125041
12.9 0.000390625000328
12.95 0.00048828125041
13.0 0.000683593750574
13.05 0.000683593750574
13.1 0.000585937500492
13.15 0.00048828125041
13.2 9.76562500821e-05
13.25 9.76562500821e-05
13.3 0.0
13.35 0.000195312500164
13.4 0.000292968750246
13.45 0.00048828125041
13.5 0.000683593750574
13.55 0.000683593750574
13.6 0.000781250000657
13.65 0.000878906250739
13.7 0.000781250000657
13.75 0.000683593750574
13.8 0.000878906250739
13.85 0.000683593750574
13.9 0.000683593750574
13.95 0.000585937500492
14.0 0.000390625000328
14.05 0.000585937500492
14.1 0.000683593750574
14.15 0.000878906250739
14.2 0.000781250000657
14.25 0.000683593750574
14.3 0.000585937500492
14.35 0.000585937500492
14.4 0.000683593750574
14.45 0.000585937500492
14.5 0.000781250000657
14.55 0.000585937500492
14.6 0.000585937500492
14.65 0.000683593750574
14.7 0.000585937500492
14.75 0.000683593750574
14.8 0.000781250000657
14.85 0.000781250000657
14.9 0.00078125000103
14.95 0.0148925778794
15.0 0.0146972653792
15.05 0.0145996091291
15.1 0.0147949216289
15.15 0.000683593750574
15.2 0.000585937500492
15.25 0.000585937500492
15.3 0.000390625000328
15.35 0.00048828125041
15.4 0.000585937500492
15.45 0.000683593750574
15.5 0.000781250000657
15.55 0.0010742187509
15.6 0.0010742187509
15.65 0.000878906250739
15.7 0.000878906250739
15.75 0.000683593750574
15.8 0.000683593750574
15.85 0.000781250000657
15.9 0.00048828125041
15.95 0.000390625000346
16.0 0.000585937500537
16.05 0.000683593750637
16.1 0.000781250000728
16.15 0.000585937500546
16.2 0.000488281250455
16.25 0.000390625000364
16.3 0.000292968750273
16.35 0.000390625000364
16.4 0.000292968750273
16.45 0.000195312500182
16.5 0.000292968750273
16.55 0.000292968750273
16.6 0.000683593750637
16.65 0.000781250000728
16.7 0.000781250000728
16.75 0.000976562500909
16.8 0.000781250000728
16.85 0.000781250000728
16.9 0.000781250000728
16.95 0.000878906250819
17.0 0.000585937500546
17.05 0.000683593750637
17.1 0.000781250000728
17.15 0.000488281250455
17.2 0.000878906250819
17.25 0.000878906250819
17.3 0.000781250000728
17.35 0.000781250000728
17.4 0.000585937500546
17.45 0.000390625000364
17.5 0.000292968750273
17.55 0.000292968750273
17.6 0.000292968750273
17.65 0.000292968750273
17.7 0.000390625000364
17.75 0.000292968750273
17.8 0.000195312500182
17.85 0.000292968750273
17.9 0.000292968750273
17.95 0.000585937500546
18.0 0.000683593750637
18.05 0.000683593750637
18.1 0.000976562500909
18.15 0.000683593750637
18.2 0.000781250000728
18.25 0.000878906250819
18.3 0.000781250000728
18.35 0.000878906250819
18.4 0.000976562500909
18.45 0.000976562500909
18.5 0.000878906250819
18.55 0.001074218751
18.6 0.000976562500909
18.65 0.000781250000728
18.7 0.000585937500546
18.75 0.000390625000364
18.8 0.000390625000364
18.85 0.000390625000364
18.9 0.000488281250455
18.95 0.000585937500546
19.0 0.000390625000364
19.05 0.000488281250455
19.1 0.000683593750637
19.15 0.000488281250455
19.2 0.000585937500546
19.25 0.000683593750637
19.3 0.000390625000364
19.35 0.000683593750637
19.4 0.000781250000728
19.45 0.000878906250819
19.5 0.000976562500909
19.55 0.000878906250819
19.6 0.000781250000728
19.65 0.000683593750637
19.7 0.000585937500546
19.75 0.000488281250455
19.8 0.000292968750273
19.85 0.000195312500182
19.9 0.000683593750637
19.95 0.0150390625014
20.0 0.0154296875018
20.05 0.0154296875018
20.1 0.0151367187515
20.15 0.000781250000728
20.2 0.000683593750637
20.25 0.000683593750637
20.3 0.000683593750637
20.35 0.000683593750637
20.4 0.000585937500546
20.45 0.000683593750637
20.5 0.000488281250455
20.55 0.000488281250508
20.6 0.000390625000417
20.65 0.000195312500235
20.7 0.000292968750326
20.75 0.000195312500182
20.8 0.000195312500235
20.85 0.000292968750379
20.9 0.000488281250615
20.95 0.00068359375085
21.0 0.000585937500706
21.05 0.000683593750743
21.1 0.00068359375069
21.15 0.000585937500546
21.2 0.000878906250819
21.25 0.000976562500909
21.3 0.000878906250819
21.35 0.000976562500909
21.4 0.000976562500909
21.45 0.000976562500909
21.5 0.000878906250819
21.55 0.000683593750637
21.6 0.000585937500546
21.65 0.000292968750273
21.7 0.000781250000728
21.75 0.000976562500909
21.8 0.000976562500909
21.85 0.00117187500109
21.9 0.000683593750637
21.95 0.000781250000728
22.0 0.000781250000728
22.05 0.000878906250819
22.1 0.000976562500909
22.15 0.000878906250819
22.2 0.000976562500909
22.25 0.000976562500909
22.3 0.000976562500909
22.35 0.000878906250819
22.4 0.000878906250819
22.45 0.000878906250819
22.5 0.000976562500909
22.55 0.00117187500109
22.6 0.00117187500109
22.65 0.001074218751
22.7 0.00117187500109
22.75 0.000976562500909
22.8 0.000878906250819
22.85 0.000781250000728
22.9 0.000585937500546
22.95 0.000585937500546
23.0 0.000488281250455
23.05 0.000683593750637
23.1 0.000781250000728
23.15 0.000781250000728
23.2 0.000683593750637
23.25 0.000390625000364
23.3 0.000195312500182
23.35 0.000292968750273
23.4 0.000390625000364
23.45 0.000488281250455
23.5 0.000488281250455
23.55 0.000488281250455
23.6 0.000390625000364
23.65 0.000488281250455
23.7 0.000878906250819
23.75 0.000878906250819
23.8 0.00117187500109
23.85 0.000976562500909
23.9 0.000683593750637
23.95 0.000781250000728
24.0 0.000683593750637
24.05 0.000683593750637
24.1 0.000781250000728
24.15 0.000683593750637
24.2 0.000683593750637
24.25 0.000878906250819
24.3 0.000683593750637
24.35 0.000585937500546
24.4 0.000488281250455
24.45 0.000390625000364
24.5 0.000585937500546
24.55 0.000683593750637
24.6 0.000683593750637
24.65 0.000976562500909
24.7 0.000781250000728
24.75 0.000878906250819
24.8 0.000878906250819
24.85 0.000878906250819
24.9 0.00126953125227
24.95 0.0161621092423
25.0 0.0461914061225
25.05 0.0458007811221
25.1 0.0455078123708
25.15 0.0306152343807
25.2 0.000781250000728
25.25 0.000976562500909
25.3 0.001074218751
25.35 0.000878906250819
25.4 0.001074218751
25.45 0.000878906250819
25.5 0.000683593750637
25.55 0.000781250000728
25.6 0.000488281250455
25.65 0.000585937500546
25.7 0.000488281250455
25.75 0.000488281250455
25.8 0.000585937500546
25.85 0.000683593750637
25.9 0.00126953125118
25.95 0.00146484375136
26.0 0.00136718750127
26.05 0.00126953125118
26.1 0.001074218751
26.15 0.001074218751
26.2 0.00126953125118
26.25 0.00146484375136
26.3 0.00117187500109
26.35 0.00126953125118
26.4 0.00156250000146
26.45 0.00156250000146
26.5 0.00156250000146
26.55 0.00126953125118
26.6 0.000781250000728
26.65 0.000781250000728
26.7 0.000781250000728
26.75 0.000683593750637
26.8 0.000781250000728
26.85 0.000683593750637
26.9 0.000683593750637
26.95 0.000781250000728
27.0 0.000683593750637
27.05 0.000683593750637
27.1 0.000585937500546
27.15 0.000683593750637
27.2 0.000585937500546
27.25 0.000488281250455
27.3 0.000488281250455
27.35 0.000195312500182
27.4 0.000195312500182
27.45 0.000195312500182
27.5 0.000390625000364
27.55 0.000683593750637
27.6 0.000878906250819
27.65 0.000781250000728
27.7 0.000585937500546
27.75 0.000292968750273
27.8 0.000292968750273
27.85 0.000390625000364
27.9 0.000488281250455
27.95 0.000781250000728
28.0 0.000585937500546
28.05 0.000683593750637
28.1 0.000781250000728
28.15 0.000683593750637
28.2 0.000585937500546
28.25 0.000585937500546
28.3 0.000585937500546
28.35 0.000585937500546
28.4 0.000683593750637
28.45 0.000683593750637
28.5 0.000585937500546
28.55 0.000488281250455
28.6 0.000781250000728
28.65 0.000683593750637
28.7 0.000683593750637
28.75 0.000781250000728
28.8 0.000585937500546
28.85 0.000683593750637
28.9 0.000683593750637
28.95 0.000488281250455
29.0 0.000390625000364
29.05 0.000488281250455
29.1 0.000585937500546
29.15 0.000683593750637
29.2 0.000683593750637
29.25 0.000878906250819
29.3 0.000976562500909
29.35 0.000976562500909
29.4 0.00117187500109
29.45 0.00136718750127
29.5 0.001074218751
29.55 0.00126953125118
29.6 0.00126953125118
29.65 0.000585937500546
29.7 0.000781250000728
29.75 0.000683593750637
29.8 0.000488281250455
29.85 0.000585937500546
