0.1 0.0
0.15 0.0
0.2 0.0
0.25 0.0
0.3 0.0
0.35 0.0
0.4 0.0
0.45 0.0
0.5 0.0
0.55 0.0
0.6 0.0
0.65 0.0
0.7 0.0
0.75 0.0
0.8 0.0
0.85 0.0
0.9 0.0
0.95 0.0
1.0 0.0
1.05 0.0
1.1 0.0
1.15 0.0
1.2 0.0
1.25 0.0
1.3 0.0
1.35 0.0
1.4 0.0
1.45 0.0
1.5 0.0
1.55 0.0
1.6 0.0
1.65 0.0
1.7 0.0
1.75 0.0
1.8 0.0
1.85 0.0
1.9 0.0
1.95 0.0
2.0 0.0
2.05 0.0
2.1 0.0
2.15 0.0
2.2 0.0
2.25 0.0
2.3 0.0
2.35 0.0
2.4 0.0
2.45 0.0
2.5 0.0
2.55 0.0
2.6 0.0
2.65 0.0
2.7 0.0
2.75 0.0
2.8 0.0
2.85 0.0
2.9 0.0
2.95 0.0
3.0 0.0
3.05 0.0
3.1 0.0
3.15 0.0
3.2 0.0
3.25 0.0
3.3 0.0
3.35 0.0
3.4 0.0
3.45 0.0
3.5 0.0
3.55 0.0
3.6 0.0
3.65 0.0
3.7 0.0
3.75 0.0
3.8 0.0
3.85 0.0
3.9 0.0
3.95 0.0
4.0 0.0
4.05 0.0
4.1 0.0
4.15 0.0
4.2 0.0
4.25 0.0
4.3 0.0
4.35 0.0
4.4 0.0
4.45 0.0
4.5 0.0
4.55 0.0
4.6 0.0
4.65 0.0
4.7 0.0
4.75 0.0
4.8 0.0
4.85 0.0
4.9 0.0
4.95 0.0
5.0 0.0
5.05 0.0
5.1 0.0
5.15 0.0
5.2 0.0
5.25 0.0
5.3 0.0
5.35 0.0
5.4 0.0
5.45 0.0
5.5 0.0
5.55 0.0
5.6 0.0
5.65 0.0
5.7 0.0
5.75 0.0
5.8 0.0
5.85 0.0
5.9 0.0
5.95 0.0
6.0 0.0
6.05 0.0
6.1 0.0
6.15 0.0
6.2 0.0
6.25 0.0
6.3 0.0
6.35 0.0
6.4 0.0
6.45 0.0
6.5 0.0
6.55 0.0
6.6 0.0
6.65 0.0
6.7 0.0
6.75 0.0
6.8 0.0
6.85 0.0
6.9 0.0
6.95 0.0
7.0 0.0
7.05 0.0
7.1 0.0
7.15 0.0
7.2 0.0
7.25 0.0
7.3 0.0
7.35 0.0
7.4 0.0
7.45 0.0
7.5 0.0
7.55 0.0
7.6 0.0
7.65 0.0
7.7 0.0
7.75 0.0
7.8 0.0
7.85 0.0
7.9 0.0
7.95 0.0
8.0 0.0
8.05 0.0
8.1 0.0
8.15 0.0
8.2 0.0
8.25 0.0
8.3 0.0
8.35 0.0
8.4 0.0
8.45 0.0
8.5 0.0
8.55 0.0
8.6 0.0
8.65 0.0
8.7 0.0
8.75 0.0
8.8 0.0
8.85 0.0
8.9 0.0
8.95 0.0
9.0 0.0
9.05 0.0
9.1 0.0
9.15 0.0
9.2 0.0
9.25 0.0
9.3 0.0
9.35 0.0
9.4 0.0
9.45 0.0
9.5 0.0
9.55 0.0
9.6 0.0
9.65 0.0
9.7 0.0
9.75 0.0
9.8 0.0
9.85 0.0
9.9 0.0
9.95 0.0
10.0 0.0
10.05 0.0
10.1 0.0
10.15 0.0
10.2 0.0
10.25 0.000332641601549
10.3 0.000350952148419
10.35 0.000799560546828
10.4 0.00094604492182
10.45 0.00061340332027
10.5 0.000741577148393
10.55 0.000433349609354
10.6 0.00136718749994
10.65 0.00183715820305
10.7 0.00346069335922
10.75 0.00368347167951
10.8 0.00376586914042
10.85 0.0040344238279
10.9 0.00321350097637
10.95 0.0039611816404
11.0 0.00360412597636
11.05 0.00340576171855
11.1 0.00399780273415
11.15 0.00336608886697
11.2 0.00323791503886
11.25 0.00350952148414
11.3 0.00274658203104
11.35 0.00271911621073
11.4 0.00347290039038
11.45 0.00366516113257
11.5 0.00386962890601
11.55 0.00465698242161
11.6 0.00360717773415
11.65 0.00364990234353
11.7 0.0033477783201
11.75 0.00292968749979
11.8 0.00351867675756
11.85 0.00283203124979
11.9 0.0028381347654
11.95 0.00238647460918
12.0 0.00208129882793
12.05 0.00287475585915
12.1 0.0032806396482
12.15 0.00389709472632
12.2 0.00424804687475
12.25 0.0032562255857
12.3 0.00329284667947
12.35 0.00300292968728
12.4 0.00306396484353
12.45 0.0032562255857
12.5 0.00248107910132
12.55 0.00234680175755
12.6 0.0017669677732
12.65 0.00160217285135
12.7 0.00192565917948
12.75 0.00188598632793
12.8 0.00163269042947
12.85 0.00197753906227
12.9 0.00164184570291
12.95 0.00207519531228
13.0 0.00231933593727
13.05 0.00280151367163
13.1 0.00308837890598
13.15 0.00267333984352
13.2 0.00303955078103
13.25 0.002487182617
13.3 0.00220642089825
13.35 0.00204772949199
13.4 0.00176086425762
13.45 0.00214233398413
13.5 0.00207519531227
13.55 0.00231018066381
13.6 0.00258789062471
13.65 0.00202026367163
13.7 0.00224304199192
13.75 0.00232849121071
13.8 0.00197448730449
13.85 0.00245971679666
13.9 0.00278015136694
13.95 0.00249328613254
14.0 0.0027038574216
14.05 0.00203552246068
14.1 0.00162353515602
14.15 0.00183715820292
14.2 0.00138244628885
14.25 0.00146484374977
14.3 0.00136413574198
14.35 0.00156249999979
14.4 0.00172424316387
14.45 0.00238647460916
14.5 0.00224609374979
14.55 0.0020843505857
14.6 0.00256652832006
14.65 0.00198669433573
14.7 0.00204162597634
14.75 0.00172119140605
14.8 0.00133972167952
14.85 0.00177001953105
14.9 0.00231628417948
14.95 0.00463562011684
15.0 0.00499267578089
15.05 0.00465393066371
15.1 0.0043273925778
15.15 0.00260009765603
15.2 0.00257568359351
15.25 0.00336608886694
15.3 0.00353698730437
15.35 0.00402832031218
15.4 0.00382690429654
15.45 0.00407714843715
15.5 0.00415954589812
15.55 0.00351867675748
15.6 0.00382995605434
15.65 0.00323486328093
15.7 0.00317687988247
15.75 0.00281982421843
15.8 0.00267639160126
15.85 0.00277709960909
15.9 0.00346374511691
15.95 0.00362854003878
16.0 0.00397338867158
16.05 0.00394897460903
16.1 0.0033813476559
16.15 0.00357360839812
16.2 0.00344543457002
16.25 0.00299377441381
16.3 0.00349426269508
16.35 0.00353393554662
16.4 0.00311584472628
16.45 0.00296325683565
16.5 0.00206298828099
16.55 0.001818847656
16.6 0.00181884765602
16.65 0.00215454101537
16.7 0.00213928222631
16.75 0.0022399902341
16.8 0.00222167968724
16.85 0.00255126953099
16.9 0.0030273437497
16.95 0.00290222167938
17.0 0.00279846191377
17.05 0.00226135253877
17.1 0.00232849121067
17.15 0.00235595703101
17.2 0.00263671874974
17.25 0.00242004394506
17.3 0.00196228027318
17.35 0.00233459472629
17.4 0.00344848632782
17.45 0.00443725585904
17.5 0.00478820801196
17.55 0.00493774414029
17.6 0.0045989990231
17.65 0.0043548583981
17.7 0.00461730956548
17.75 0.00469360351527
17.8 0.00431823730437
17.85 0.00485534667936
17.9 0.00503234863247
17.95 0.0044921874997
18.0 0.00420227050751
18.05 0.0039611816403
18.1 0.00291137695287
18.15 0.00377502441374
18.2 0.00354614257778
18.25 0.00330810546845
18.3 0.00346374511686
18.35 0.00273132324191
18.4 0.00223999023415
18.45 0.00167846680166
18.5 0.00161132812481
18.55 0.00135498046853
18.6 0.0016265869138
18.65 0.00163574218223
18.7 0.00193176269501
18.75 0.00213928222626
18.8 0.00234680175754
18.85 0.00246582031224
18.9 0.00205688476537
18.95 0.00144042968729
19.0 0.00105590820288
19.05 0.000979614257571
19.1 0.001623535156
19.15 0.00157165527317
19.2 0.00152893066381
19.25 0.00121154785133
19.3 0.000778198241964
19.35 0.00124816894508
19.4 0.00135498046853
19.45 0.00132446289039
19.5 0.00131835937477
19.55 0.00110778808572
19.6 0.00177307128881
19.65 0.00224304199191
19.7 0.00243225097627
19.75 0.00250244141166
19.8 0.00250549316377
19.85 0.00269165039035
19.9 0.00280456542941
19.95 0.00572509757563
20.0 0.00559997550527
20.05 0.0051116942553
20.1 0.00567016593496
20.15 0.00412902832016
20.2 0.00513610839811
20.25 0.00616149902307
20.3 0.00667114257775
20.35 0.00604248046252
20.4 0.00547790527313
20.45 0.00617675781213
20.5 0.00608520507776
20.55 0.00722351074176
20.6 0.00683593750574
20.65 0.0063140869137
20.7 0.00731506347616
20.75 0.00705261230429
20.8 0.00781860350906
20.85 0.00791320800738
20.9 0.00773925781207
20.95 0.00715332031204
21.0 0.00857849121041
21.05 0.00988769531191
21.1 0.00934753417912
21.15 0.00852355956978
21.2 0.00666809081985
21.25 0.00459899902304
21.3 0.00313110351527
21.35 0.0033813476559
21.4 0.00321960449841
21.45 0.00344848632777
21.5 0.00400085449181
21.55 0.00597839355423
21.6 0.00760803221949
21.65 0.00742797851511
21.7 0.00799560546821
21.75 0.00622863769484
21.8 0.00482482910108
21.85 0.00539245605419
21.9 0.00467834472607
21.95 0.00452880859329
22.0 0.00422058105428
22.05 0.00375366210896
22.1 0.00340270996053
22.15 0.00458679199174
22.2 0.00533142089795
22.25 0.00615539550733
22.3 0.00693969726511
22.35 0.00682678222604
22.4 0.00655212402293
22.45 0.00614929199171
22.5 0.00712890624947
22.55 0.00706481933543
22.6 0.00718994140573
22.65 0.007559204101
22.7 0.00633544921827
22.75 0.00537109374951
22.8 0.00473022460889
22.85 0.00532226562452
22.9 0.00566406249949
22.95 0.00591735840534
23.0 0.00707092285108
23.05 0.00638122558546
23.1 0.00726318359324
23.15 0.00838928221861
23.2 0.00881652831973
23.25 0.00938110351504
23.3 0.00925903320256
23.35 0.00949096679633
23.4 0.00904846191353
23.45 0.00871582031196
23.5 0.00859680175728
23.55 0.00809936523385
23.6 0.00696105957756
23.65 0.00635375976513
23.7 0.00490112304643
23.75 0.00433654785113
23.8 0.00537109374968
23.85 0.00652770996047
23.9 0.00771484374945
23.95 0.00741882324167
24.0 0.0072540283119
24.05 0.00643615722607
24.1 0.00667419433545
24.15 0.00681762695258
24.2 0.00725402831976
24.25 0.00829162597597
24.3 0.0084686279291
24.35 0.00940856933536
24.4 0.00886840820254
24.45 0.00808410644476
24.5 0.00792541503854
24.55 0.0074493408198
24.6 0.00828247070259
24.65 0.00859374999945
24.7 0.00834350585882
24.75 0.00814819335884
24.8 0.00761108398388
24.85 0.00708923339793
24.9 0.0064147949214
24.95 0.00666503906204
25.0 0.0065277099604
25.05 0.00688781738228
25.1 0.00874023437441
25.15 0.00797119140565
25.2 0.00747070312448
25.25 0.00753784179638
25.3 0.00613403320265
25.35 0.0061492919917
25.4 0.00712280273387
25.45 0.00771789550725
25.5 0.00832519531193
25.55 0.00983276368009
25.6 0.0100891113275
25.65 0.0098175048911
25.7 0.00953674316348
25.75 0.00908203124063
25.8 0.00860595703075
25.85 0.00686035155316
25.9 0.00618896484329
25.95 0.00492858886677
26.0 0.00378112792927
26.05 0.00427551269489
26.1 0.00520019531209
26.15 0.00558166503859
26.2 0.00648803710891
26.25 0.00756530761669
26.3 0.0069274902339
26.35 0.00733337402296
26.4 0.00650939942288
26.45 0.00597839355425
26.5 0.00554504394485
26.55 0.00621337890577
26.6 0.00715637206052
26.65 0.00698852539952
26.7 0.0086059570307
26.75 0.0084594726557
26.8 0.00866088867133
26.85 0.00917663574172
26.9 0.00891418456974
26.95 0.00888977050726
27.0 0.0087097167963
27.05 0.00749511717745
27.1 0.00654602050734
27.15 0.00525512695267
27.2 0.00464172363239
27.25 0.00455322265585
27.3 0.00478515624956
27.35 0.00487365722616
27.4 0.0044647216793
27.45 0.00579223632765
27.5 0.00671386718703
27.55 0.00820922851504
27.6 0.00910034179626
27.65 0.00978393554627
27.7 0.0102508545015
27.75 0.0101409912103
27.8 0.0108673095697
27.85 0.0104034423822
27.9 0.0102020263566
27.95 0.0100189208978
28.0 0.00943298339784
28.05 0.00906372070252
28.1 0.00809936523379
28.15 0.00809326171813
28.2 0.00854492187435
28.25 0.00845336914001
28.3 0.00815734863223
28.35 0.00782165527288
28.4 0.00688781738228
28.45 0.0067413330073
28.5 0.00641174316356
28.55 0.00611572265575
28.6 0.00618896484327
28.65 0.00561828613234
28.7 0.00585327148388
28.75 0.00617370605421
28.8 0.00612487792923
28.85 0.00649108887729
28.9 0.00687255859327
28.95 0.00710144043985
29.0 0.00800781251014
29.05 0.00967712401224
29.1 0.00975952148373
29.15 0.0100341796762
29.2 0.00935974119963
29.25 0.0081970214838
29.3 0.00766601562444
29.35 0.00570983886671
29.4 0.00457153320267
29.45 0.0036376953121
29.5 0.00401916503869
29.55 0.00447998046832
29.6 0.00606384277297
29.65 0.00703125001052
29.7 0.00709228516679
29.75 0.00831604003853
29.8 0.00875244140568
29.85 0.00931701660107
