0.1 0.4296875
0.15 0.0
0.2 0.0
0.25 0.0
0.3 0.0
0.35 0.0
0.4 0.0
0.45 0.0
0.5 0.0
0.55 0.0
0.6 0.0
0.65 0.0
0.7 0.0
0.75 0.0
0.8 0.0
0.85 0.0
0.9 0.0
0.95 0.0
1.0 0.0
1.05 0.0
1.1 0.0
1.15 0.0
1.2 0.0
1.25 0.0
1.3 0.0
1.35 0.0
1.4 0.0
1.45 0.0
1.5 0.0
1.55 0.0
1.6 0.0
1.65 0.0
1.7 0.0
1.75 0.0
1.8 0.0
1.85 0.0
1.9 0.0
1.95 0.0
2.0 0.0
2.05 0.0
2.1 0.0
2.15 0.0
2.2 0.0
2.25 0.0
2.3 0.0
2.35 0.0
2.4 0.0
2.45 0.0
2.5 0.0
2.55 0.0
2.6 0.0
2.65 0.0
2.7 0.0
2.75 0.0
2.8 0.0
2.85 0.0
2.9 0.0
2.95 0.0
3.0 0.0
3.05 0.0
3.1 0.0
3.15 0.0
3.2 0.0
3.25 0.0
3.3 0.0
3.35 0.0
3.4 0.0
3.45 0.0
3.5 0.0
3.55 0.0
3.6 0.0
3.65 0.0
3.7 0.0
3.75 0.0
3.8 0.0
3.85 0.0
3.9 0.0
3.95 0.0
4.0 0.0
4.05 0.0
4.1 0.0
4.15 0.0
4.2 0.0
4.25 0.0
4.3 0.0
4.35 0.0
4.4 0.0
4.45 0.0
4.5 0.0
4.55 0.0
4.6 0.0
4.65 0.0
4.7 0.0
4.75 0.0
4.8 0.0
4.85 0.0
4.9 0.0
4.95 0.3125
5.0 0.4296875
5.05 0.4296875
5.1 0.4296875
5.15 0.1171875
5.2 0.0
5.25 0.0
5.3 0.0
5.35 0.0
5.4 0.0
5.45 0.0
5.5 0.0
5.55 0.0
5.6 0.0
5.65 0.0
5.7 0.0
5.75 0.0
5.8 0.0
5.85 0.0
5.9 0.0
5.95 0.0
6.0 0.0
6.05 0.0
6.1 0.0
6.15 0.0
6.2 0.0
6.25 0.0
6.3 0.0
6.35 0.0
6.4 0.0
6.45 0.0
6.5 0.0
6.55 0.0
6.6 0.0
6.65 0.0
6.7 0.0
6.75 0.0
6.8 0.0
6.85 0.0
6.9 0.0
6.95 0.0
7.0 0.0
7.05 0.0
7.1 0.0
7.15 0.0
7.2 0.0
7.25 0.0
7.3 0.0
7.35 0.0
7.4 0.0
7.45 0.0
7.5 0.0
7.55 0.0
7.6 0.0
7.65 0.0
7.7 0.0
7.75 0.0
7.8 0.0
7.85 0.0
7.9 0.0
7.95 0.0
8.0 0.0
8.05 0.0
8.1 0.0
8.15 0.0
8.2 0.0
8.25 0.0
8.3 0.0
8.35 0.0
8.4 0.0
8.45 0.0
8.5 0.0
8.55 0.0
8.6 0.0
8.65 0.0
8.7 0.0
8.75 0.0
8.8 0.0
8.85 0.0
8.9 0.0
8.95 0.0
9.0 0.0
9.05 0.0
9.1 0.0
9.15 0.0
9.2 0.0
9.25 0.0
9.3 0.0
9.35 0.0
9.4 0.0
9.45 0.0
9.5 0.0
9.55 0.0
9.6 0.0
9.65 0.0
9.7 0.0
9.75 0.0
9.8 0.0
9.85 0.0
9.9 2.22044604925e-13
9.95 0.3125
10.0 0.4296875
10.05 0.4296875
10.1 0.429687499999
10.15 0.1171875
10.2 0.0
10.25 0.0
10.3 0.0
10.35 0.0
10.4 0.0
10.45 0.0
10.5 0.0
10.55 0.0
10.6 0.0
10.65 0.0
10.7 0.0
10.75 0.0
10.8 0.0
10.85 0.0
10.9 0.0
10.95 0.0
11.0 0.0
11.05 0.0
11.1 0.0
11.15 0.0
11.2 0.0
11.25 0.0
11.3 0.0
11.35 0.0
11.4 0.0
11.45 0.0
11.5 0.0
11.55 0.0
11.6 0.0
11.65 0.0
11.7 0.0
11.75 0.0
11.8 0.0
11.85 0.0
11.9 0.0
11.95 0.0
12.0 0.0
12.05 0.0
12.1 0.0
12.15 0.0
12.2 0.0
12.25 0.0
12.3 0.0
12.35 0.0
12.4 0.0
12.45 0.0
12.5 0.0
12.55 0.0
12.6 0.0
12.65 0.0
12.7 0.0
12.75 0.0
12.8 0.0
12.85 0.0
12.9 0.0
12.95 0.0
13.0 0.0
13.05 0.0
13.1 0.0
13.15 0.0
13.2 0.0
13.25 0.0
13.3 0.0
13.35 0.0
13.4 0.0
13.45 0.0
13.5 0.0
13.55 0.0
13.6 0.0
13.65 0.0
13.7 0.0
13.75 0.0
13.8 0.0
13.85 0.0
13.9 0.0
13.95 0.0
14.0 0.0
14.05 0.0
14.1 0.0
14.15 0.0
14.2 0.0
14.25 0.0
14.3 0.0
14.35 0.0
14.4 0.0
14.45 0.0
14.5 0.0
14.55 0.0
14.6 0.0
14.65 0.0
14.7 0.0
14.75 0.0
14.8 0.0
14.85 0.0
14.9 4.66293670343e-12
14.95 0.2734375
15.0 0.4296875
15.05 0.4296875
15.1 0.429687499995
15.15 0.15625
15.2 0.0
15.25 0.0
15.3 0.0
15.35 0.0
15.4 0.0
15.45 0.0
15.5 0.0
15.55 0.0
15.6 0.0
15.65 0.0
15.7 0.0
15.75 0.0
15.8 0.0
15.85 0.0
15.9 0.0
15.95 0.0
16.0 0.0
16.05 0.0
16.1 0.0
16.15 0.0
16.2 0.0
16.25 0.0
16.3 0.0
16.35 0.0
16.4 0.0
16.45 0.0
16.5 0.0
16.55 0.0
16.6 0.0
16.65 0.0
16.7 0.0
16.75 0.0
16.8 0.0
16.85 0.0
16.9 0.0
16.95 0.0
17.0 0.0
17.05 0.0
17.1 0.0
17.15 0.0
17.2 0.0
17.25 0.0
17.3 0.0
17.35 0.0
17.4 0.0
17.45 0.0
17.5 0.0
17.55 0.0
17.6 0.0
17.65 0.0
17.7 0.0
17.75 0.0
17.8 0.0
17.85 0.0
17.9 0.0
17.95 0.0
18.0 0.0
18.05 0.0
18.1 0.0
18.15 0.0
18.2 0.0
18.25 0.0
18.3 0.0
18.35 0.0
18.4 0.0
18.45 0.0
18.5 0.0
18.55 0.0
18.6 0.0
18.65 0.0
18.7 0.0
18.75 0.0
18.8 0.0
18.85 0.0
18.9 0.0
18.95 0.0
19.0 0.0
19.05 0.0
19.1 0.0
19.15 0.0
19.2 0.0
19.25 0.0
19.3 0.0
19.35 0.0
19.4 0.0
19.45 0.0
19.5 0.0
19.55 0.0
19.6 0.0
19.65 0.0
19.7 0.0
19.75 0.0
19.8 0.0
19.85 0.0
19.9 9.10382880193e-12
19.95 0.3515625
20.0 0.58837890625
20.05 0.749511718749
20.1 1.07177734374
20.15 0.73974609375
20.2 1.1279296875
20.25 1.943359375
20.3 2.7111816418
20.35 3.21166992305
20.4 3.80615234375
20.45 4.60205078125
20.5 4.51416015626
20.55 5.10375976445
20.6 5.90087890625
20.65 5.439453125
20.7 5.70251464848
20.75 6.65283203125
20.8 6.29821777468
20.85 6.27685546875
20.9 6.82556152221
20.95 6.3916015625
21.0 6.13464355471
21.05 6.62231445439
21.1 6.33666992314
21.15 6.38916015625
21.2 6.61010742062
21.25 6.49291992061
21.3 6.66381835811
21.35 6.59179687629
21.4 6.6357421875
21.45 6.7626953125
21.5 6.68884277475
21.55 6.73095702996
21.6 6.77001953125
21.65 6.68395996227
21.7 6.78466796878
21.75 6.84326171875
21.8 6.75537109375
21.85 6.88293456898
21.9 6.81701660023
21.95 6.7358398451
22.0 6.8505859375
22.05 6.689453125
22.1 6.884765625
22.15 6.88171386722
22.2 6.74743652482
22.25 6.88232421875
22.3 6.81396484375
22.35 6.93786621097
22.4 6.95373535019
22.45 7.01171875
22.5 6.90307617328
22.55 6.84814453126
22.6 7.02880859519
22.65 6.85546875144
22.7 6.94335937504
22.75 7.01049804547
22.8 7.01538085939
22.85 7.04345702981
22.9 6.94702148293
22.95 7.00927734375
23.0 6.94946288918
23.05 7.02514648586
23.1 7.04833984375
23.15 6.93359375
23.2 6.9677734375
23.25 6.90185546877
23.3 6.96533203276
23.35 6.95556640776
23.4 6.94824218902
23.45 7.03491210788
23.5 6.9433593735
23.55 7.06176757815
23.6 6.90368652346
23.65 7.02575683749
23.7 7.05810546875
23.75 7.03430175784
23.8 7.11425781252
23.85 6.90795898439
23.9 7.041015625
23.95 6.91528320314
24.0 7.08312988126
24.05 6.95251464688
24.1 6.86218261878
24.15 6.97448730312
24.2 6.89086914223
24.25 7.08557129068
24.3 6.99340820315
24.35 7.15393066569
24.4 6.94213867027
24.45 6.96533203127
24.5 7.07458495932
24.55 6.88537597658
24.6 7.0483398454
24.65 6.87683105471
24.7 7.07763671875
24.75 6.93115234378
24.8 6.90673828127
24.85 7.05810546877
24.9 6.85424804856
24.95 7.25097656252
25.0 7.13134765458
25.05 6.69433593583
25.1 6.71875000002
25.15 6.49536132644
25.2 6.71264648609
25.25 7.04345703125
25.3 6.98486328127
25.35 7.0593261736
25.4 6.97021484377
25.45 7.06176757987
25.5 6.99829101391
25.55 7.0446777344
25.6 6.92016601389
25.65 6.96960449221
25.7 7.08984375
25.75 6.81884765451
25.8 7.08740234375
25.85 6.94885253908
25.9 6.94946289242
25.95 7.00927734375
26.0 7.08068847836
26.05 7.0562744141
26.1 7.00500488283
26.15 7.0849609375
26.2 6.87194824039
26.25 7.00988769534
26.3 6.87438964847
26.35 6.99035644715
26.4 6.90185546875
26.45 6.90490722659
26.5 7.12463378908
26.55 6.88903808411
26.6 7.15576171875
26.65 7.01843261534
26.7 6.94580078126
26.75 6.96533203125
26.8 6.89697265625
26.85 7.0458984375
26.9 6.98059081846
26.95 7.09899902534
27.0 6.8896484375
27.05 6.8603515625
27.1 7.00927734375
27.15 6.95922851565
27.2 7.1337890625
27.25 7.01477050975
27.3 7.05322265625
27.35 7.03613281253
27.4 6.93359375
27.45 7.0501708965
27.5 6.98425293164
27.55 7.07519531253
27.6 6.93664550978
27.65 7.02819824417
27.7 7.00744628711
27.75 6.88293457033
27.8 7.05627441408
27.85 7.02697753909
27.9 7.0849609375
27.95 7.03247070114
28.0 7.13500976566
28.05 6.9873046855
28.1 6.8603515625
28.15 7.05078125
28.2 6.94885253908
28.25 6.97265625
28.3 6.99279785361
28.35 7.05322265625
28.4 6.92626953128
28.45 7.01782226769
28.5 7.09045410158
28.55 6.82800293177
28.6 7.08740234377
28.65 6.97143554481
28.7 6.93359375002
28.75 7.04162597449
28.8 6.93603515628
28.85 7.06176758022
28.9 6.88232421877
28.95 7.06848144743
29.0 7.05261230259
29.05 6.89208984379
29.1 7.09472656254
29.15 6.9079589844
29.2 6.95678711152
29.25 6.95861816409
29.3 7.01049804474
29.35 7.00988769534
29.4 6.99951171878
29.45 7.10021972442
29.5 6.9775390625
29.55 7.03247070313
29.6 6.95556640626
29.65 7.09228515625
29.7 7.04895019751
29.75 7.01477050785
29.8 7.16857910161
29.85 6.9384765625
