0.1 0.00234375
0.15 0.0
0.2 0.0
0.25 0.0
0.3 0.0
0.35 0.0
0.4 0.0
0.45 0.0
0.5 0.0
0.55 0.0
0.6 0.0
0.65 0.0
0.7 0.0
0.75 0.0
0.8 0.0
0.85 0.0
0.9 0.0
0.95 0.0
1.0 0.0
1.05 0.0
1.1 0.0
1.15 0.0
1.2 0.0
1.25 0.0
1.3 0.0
1.35 0.0
1.4 0.0
1.45 0.0
1.5 0.0
1.55 0.0
1.6 0.0
1.65 0.0
1.7 0.0
1.75 0.0
1.8 0.0
1.85 0.0
1.9 0.0
1.95 0.0
2.0 0.0
2.05 0.0
2.1 0.0
2.15 0.0
2.2 0.0
2.25 0.0
2.3 0.0
2.35 0.0
2.4 0.0
2.45 0.0
2.5 0.0
2.55 0.0
2.6 0.0
2.65 0.0
2.7 0.0
2.75 0.0
2.8 0.0
2.85 0.0
2.9 0.0
2.95 0.0
3.0 0.0
3.05 0.0
3.1 0.0
3.15 0.0
3.2 0.0
3.25 0.0
3.3 0.0
3.35 0.0
3.4 0.0
3.45 0.0
3.5 0.0
3.55 0.0
3.6 0.0
3.65 0.0
3.7 0.0
3.75 0.0
3.8 0.0
3.85 0.0
3.9 0.0
3.95 0.0
4.0 0.0
4.05 0.0
4.1 0.0
4.15 0.0
4.2 0.0
4.25 0.0
4.3 0.0
4.35 0.0
4.4 0.0
4.45 0.0
4.5 0.0
4.55 0.0
4.6 0.0
4.65 0.0
4.7 0.0
4.75 0.0
4.8 0.0
4.85 0.0
4.9 0.0
4.95 0.0
5.0 0.0
5.05 0.0
5.1 0.0
5.15 0.0
5.2 0.0
5.25 0.0
5.3 0.0
5.35 0.0
5.4 0.0
5.45 0.0
5.5 0.0
5.55 0.0
5.6 0.0
5.65 0.0
5.7 0.0
5.75 0.0
5.8 0.0
5.85 0.0
5.9 0.0
5.95 0.0
6.0 0.0
6.05 0.0
6.1 0.0
6.15 0.0
6.2 0.0
6.25 0.0
6.3 0.0
6.35 0.0
6.4 0.0
6.45 0.0
6.5 0.0
6.55 0.0
6.6 0.0
6.65 0.0
6.7 0.0
6.75 0.0
6.8 0.0
6.85 0.0
6.9 0.0
6.95 0.0
7.0 0.0
7.05 0.0
7.1 0.0
7.15 0.0
7.2 0.0
7.25 0.0
7.3 0.0
7.35 0.0
7.4 0.0
7.45 0.0
7.5 0.0
7.55 0.0
7.6 0.0
7.65 0.0
7.7 0.0
7.75 0.0
7.8 0.0
7.85 0.0
7.9 0.0
7.95 0.0
8.0 0.0
8.05 0.0
8.1 0.0
8.15 0.0
8.2 0.0
8.25 0.0
8.3 0.0
8.35 0.0
8.4 0.0
8.45 0.0
8.5 0.0
8.55 0.0
8.6 0.0
8.65 0.0
8.7 0.0
8.75 0.0
8.8 0.0
8.85 0.0
8.9 0.0
8.95 0.0
9.0 0.0
9.05 0.0
9.1 0.0
9.15 0.0
9.2 0.0
9.25 0.0
9.3 0.0
9.35 0.0
9.4 0.0
9.45 0.0
9.5 0.0
9.55 0.0
9.6 0.0
9.65 0.0
9.7 0.0
9.75 0.0
9.8 0.0
9.85 0.0
9.9 0.0
9.95 0.0
10.0 0.0
10.05 0.0
10.1 0.0
10.15 0.0
10.2 0.0
10.25 0.0
10.3 0.0
10.35 0.0
10.4 0.0
10.45 0.0
10.5 0.0
10.55 0.0
10.6 0.0
10.65 0.0
10.7 0.0
10.75 0.0
10.8 0.0
10.85 0.0
10.9 0.0
10.95 0.0
11.0 0.0
11.05 0.0
11.1 0.0
11.15 0.0
11.2 0.0
11.25 0.0
11.3 0.0
11.35 0.0
11.4 0.0
11.45 0.0
11.5 0.0
11.55 0.0
11.6 0.0
11.65 0.0
11.7 0.0
11.75 0.0
11.8 0.0
11.85 0.0
11.9 0.0
11.95 0.0
12.0 0.0
12.05 0.0
12.1 0.0
12.15 0.0
12.2 0.0
12.25 0.0
12.3 0.0
12.35 0.0
12.4 0.0
12.45 0.0
12.5 0.0
12.55 0.0
12.6 0.0
12.65 0.0
12.7 0.0
12.75 0.0
12.8 0.0
12.85 0.0
12.9 0.0
12.95 0.0
13.0 0.0
13.05 0.0
13.1 0.0
13.15 0.0
13.2 0.0
13.25 0.0
13.3 0.0
13.35 0.0
13.4 0.0
13.45 0.0
13.5 0.0
13.55 0.0
13.6 0.0
13.65 0.0
13.7 0.0
13.75 0.0
13.8 0.0
13.85 0.0
13.9 0.0
13.95 0.0
14.0 0.0
14.05 0.0
14.1 0.0
14.15 0.0
14.2 0.0
14.25 0.0
14.3 0.0
14.35 0.0
14.4 0.0
14.45 0.0
14.5 0.0
14.55 0.0
14.6 0.0
14.65 0.0
14.7 0.0
14.75 0.0
14.8 0.0
14.85 0.0
14.9 0.0
14.95 0.003125
15.0 0.003125
15.05 0.003125
15.1 0.003125
15.15 0.0
15.2 0.0
15.25 0.0
15.3 0.0
15.35 0.0
15.4 0.0
15.45 0.0
15.5 0.0
15.55 0.0
15.6 0.0
15.65 0.0
15.7 0.0
15.75 0.0
15.8 0.0
15.85 0.0
15.9 0.0
15.95 0.0
16.0 0.0
16.05 0.0
16.1 0.0
16.15 0.0
16.2 0.0
16.25 0.0
16.3 0.0
16.35 0.0
16.4 0.0
16.45 0.0
16.5 0.0
16.55 0.0
16.6 0.0
16.65 0.0
16.7 0.0
16.75 0.0
16.8 0.0
16.85 0.0
16.9 0.0
16.95 0.0
17.0 0.0
17.05 0.0
17.1 0.0
17.15 0.0
17.2 0.0
17.25 0.0
17.3 0.0
17.35 0.0
17.4 0.0
17.45 0.0
17.5 0.0
17.55 0.0
17.6 0.0
17.65 0.0
17.7 0.0
17.75 0.0
17.8 0.0
17.85 0.0
17.9 0.0
17.95 0.0
18.0 0.0
18.05 0.0
18.1 0.0
18.15 0.0
18.2 0.0
18.25 0.0
18.3 0.0
18.35 0.0
18.4 0.0
18.45 0.0
18.5 0.0
18.55 0.0
18.6 0.0
18.65 0.0
18.7 0.0
18.75 0.0
18.8 0.0
18.85 0.0
18.9 0.0
18.95 0.0
19.0 0.0
19.05 0.0
19.1 0.0
19.15 0.0
19.2 0.0
19.25 0.0
19.3 0.0
19.35 0.0
19.4 0.0
19.45 0.0
19.5 0.0
19.55 0.0
19.6 0.0
19.65 0.0
19.7 0.0
19.75 0.0
19.8 0.0
19.85 0.0
19.9 7.28306304154e-13
19.95 0.00913085946681
20.0 0.00913085946681
20.05 0.00913085946681
20.1 0.00913085946607
20.15 0.0
20.2 0.0
20.25 0.000982666015692
20.3 0.00792541505108
20.35 0.010223388684
20.4 0.0196411132822
20.45 0.0370849609388
20.5 0.04609680176
20.55 0.047525024405
20.6 0.0607177734397
20.65 0.0556884765646
20.7 0.042941284169
20.75 0.050973510743
20.8 0.0345123291088
20.85 0.0229003906258
20.9 0.0265991210948
20.95 0.018536376954
21.0 0.0147644042977
21.05 0.0185974121166
21.1 0.0142883300791
21.15 0.0155670166031
21.2 0.0179046630822
21.25 0.0165069580042
21.3 0.0176513671903
21.35 0.0165435791104
21.4 0.0162017822283
21.45 0.0177642822283
21.5 0.0221923828408
21.55 0.0324768066373
21.6 0.0350708007854
21.65 0.0327728271529
21.7 0.0287506103361
21.75 0.0192535400418
21.8 0.0178924560561
21.85 0.0218353271494
21.9 0.0226623535104
21.95 0.0258270263767
22.0 0.0319366455112
22.05 0.0325195312539
22.1 0.0359954834025
22.15 0.0336395263776
22.2 0.0260559082064
22.25 0.027416992192
22.3 0.02682189942
22.35 0.0282318115302
22.4 0.0352722168033
22.45 0.0410705566467
22.5 0.039688110364
22.55 0.0383361816322
22.6 0.0314483642629
22.65 0.0207000732456
22.7 0.0168823242136
22.75 0.0157714843758
22.8 0.0201934814611
22.85 0.0225646972678
22.9 0.0227905273461
22.95 0.025280761721
23.0 0.0227264404173
23.05 0.0228942871108
23.1 0.0256561279311
23.15 0.0207275390639
23.2 0.0181030273447
23.25 0.0145935058603
23.3 0.012350463868
23.35 0.0160430908288
23.4 0.0174621582046
23.45 0.0206146240257
23.5 0.024423217776
23.55 0.0278045654254
23.6 0.0259277343856
23.65 0.0250274658226
23.7 0.0221679687521
23.75 0.0208435058686
23.8 0.0222564697202
23.85 0.0218780517668
23.9 0.0253631591812
23.95 0.0241363525412
24.0 0.0250915527365
24.05 0.0231018066349
24.1 0.020486450197
24.15 0.0189208984307
24.2 0.0183135986335
24.25 0.0189208984382
24.3 0.0167053222663
24.35 0.0171905517585
24.4 0.0159942626963
24.45 0.0194030761815
24.5 0.0209503173845
24.55 0.0207824707048
24.6 0.0219268798842
24.65 0.0184204101574
24.7 0.0209503173843
24.75 0.0199645996108
24.8 0.018432617189
24.85 0.0192047119239
24.9 0.015563964854
24.95 0.0343749998945
25.0 0.0454925535811
25.05 0.0446441648923
25.1 0.0491882322824
25.15 0.0317504882578
25.2 0.0226440429696
25.25 0.0223388671884
25.3 0.0201385498056
25.35 0.0205627441503
25.4 0.0213500976662
25.45 0.0199768066508
25.5 0.0188842773452
25.55 0.0180358886644
25.6 0.0156036376876
25.65 0.0193206787118
25.7 0.0186248779304
25.75 0.0160705566413
25.8 0.0177307128916
25.85 0.0197998046981
25.9 0.0221618652546
25.95 0.0289123535182
26.0 0.0318359375114
26.05 0.0285064697197
26.1 0.0283660888599
26.15 0.0228790283216
26.2 0.0223419189377
26.25 0.0242675781355
26.3 0.0224975585948
26.35 0.0248901367196
26.4 0.0272338867198
26.45 0.0326507568465
26.5 0.0353820800887
26.55 0.0356903076188
26.6 0.0353607177757
26.65 0.0285186767336
26.7 0.0262847900346
26.75 0.0268554687565
26.8 0.0250946044992
26.85 0.0257232666077
26.9 0.0252410888628
26.95 0.0242462158232
27.0 0.0223815917987
27.05 0.0289642334007
27.1 0.0350769042992
27.15 0.0340332031563
27.2 0.0343261718774
27.25 0.0265502929707
27.3 0.0244079589866
27.35 0.0262237548657
27.4 0.026040649416
27.45 0.0327239990257
27.5 0.0365509033332
27.55 0.0358978271421
27.6 0.0379364013704
27.65 0.0342468261748
27.7 0.0291076660076
27.75 0.0305450439666
27.8 0.0281707763688
27.85 0.0323699951194
27.9 0.0328857421905
27.95 0.0298583984208
28.0 0.0273254394662
28.05 0.0194335937519
28.1 0.0173980712903
28.15 0.0189971923839
28.2 0.0218719482435
28.25 0.0238006591815
28.3 0.0253540039091
28.35 0.0243286132843
28.4 0.022293090813
28.45 0.0221099853641
28.5 0.0197357177744
28.55 0.0237976074228
28.6 0.0286560058711
28.65 0.0281402587805
28.7 0.028631591799
28.75 0.0269042968777
28.8 0.0251892089768
28.85 0.0275665283447
28.9 0.027957153324
28.95 0.0287170410208
29.0 0.0286193847721
29.05 0.0237945556489
29.1 0.0232299804845
29.15 0.0189666748075
29.2 0.0168914794934
29.25 0.0190979003917
29.3 0.0198181152248
29.35 0.0202087402465
29.4 0.0200958251963
29.45 0.023443603517
29.5 0.0248596191428
29.55 0.028161621086
29.6 0.0301757812544
29.65 0.0335662841844
29.7 0.0322937011759
29.75 0.027734375003
29.8 0.0249084472673
29.85 0.0175506591805
