0.1 0.0
0.15 0.0
0.2 0.0
0.25 0.0
0.3 0.0
0.35 0.0
0.4 0.0
0.45 0.0
0.5 0.0
0.55 0.0
0.6 0.0
0.65 0.0
0.7 0.0
0.75 0.0
0.8 0.0
0.85 0.0
0.9 0.0
0.95 0.0
1.0 0.0
1.05 0.0
1.1 0.0
1.15 0.0
1.2 0.0
1.25 0.0
1.3 0.0
1.35 0.0
1.4 0.0
1.45 0.0
1.5 0.0
1.55 0.0
1.6 0.0
1.65 0.0
1.7 0.0
1.75 0.0
1.8 0.0
1.85 0.0
1.9 0.0
1.95 0.0
2.0 0.0
2.05 0.0
2.1 0.0
2.15 0.0
2.2 0.0
2.25 0.0
2.3 0.0
2.35 0.0
2.4 0.0
2.45 0.0
2.5 0.0
2.55 0.0
2.6 0.0
2.65 0.0
2.7 0.0
2.75 0.0
2.8 0.0
2.85 0.0
2.9 0.0
2.95 0.0
3.0 0.0
3.05 0.0
3.1 0.0
3.15 0.0
3.2 0.0
3.25 0.0
3.3 0.0
3.35 0.0
3.4 0.0
3.45 0.0
3.5 0.0
3.55 0.0
3.6 0.0
3.65 0.0
3.7 0.0
3.75 0.0
3.8 0.0
3.85 0.0
3.9 0.0
3.95 0.0
4.0 0.0
4.05 0.0
4.1 0.0
4.15 0.0
4.2 0.0
4.25 0.0
4.3 0.0
4.35 0.0
4.4 0.0
4.45 0.0
4.5 0.0
4.55 0.0
4.6 0.0
4.65 0.0
4.7 0.0
4.75 0.0
4.8 0.0
4.85 0.0
4.9 0.0
4.95 0.0
5.0 0.0
5.05 0.0
5.1 0.0
5.15 0.0
5.2 0.0
5.25 0.0
5.3 0.0
5.35 0.0
5.4 0.0
5.45 0.0
5.5 0.0
5.55 0.0
5.6 0.0
5.65 0.0
5.7 0.0
5.75 0.0
5.8 0.0
5.85 0.0
5.9 0.0
5.95 0.0
6.0 0.0
6.05 0.0
6.1 0.0
6.15 0.0
6.2 0.0
6.25 0.0
6.3 0.0
6.35 0.0
6.4 0.0
6.45 0.0
6.5 0.0
6.55 0.0
6.6 0.0
6.65 0.0
6.7 0.0
6.75 0.0
6.8 0.0
6.85 0.0
6.9 0.0
6.95 0.0
7.0 0.0
7.05 0.0
7.1 0.0
7.15 0.0
7.2 0.0
7.25 0.0
7.3 0.0
7.35 0.0
7.4 0.0
7.45 0.0
7.5 0.0
7.55 0.0
7.6 0.0
7.65 0.0
7.7 0.0
7.75 0.0
7.8 0.0
7.85 0.0
7.9 0.0
7.95 0.0
8.0 0.0
8.05 0.0
8.1 0.0
8.15 0.0
8.2 0.0
8.25 0.0
8.3 0.0
8.35 0.0
8.4 0.0
8.45 0.0
8.5 0.0
8.55 0.0
8.6 0.0
8.65 0.0
8.7 0.0
8.75 0.0
8.8 0.0
8.85 0.0
8.9 0.0
8.95 0.0
9.0 0.0
9.05 0.0
9.1 0.0
9.15 0.0
9.2 0.0
9.25 0.0
9.3 0.0
9.35 0.0
9.4 0.0
9.45 0.0
9.5 0.0
9.55 0.0
9.6 0.0
9.65 0.0
9.7 0.0
9.75 0.0
9.8 0.0
9.85 0.0
9.9 0.0
9.95 0.0
10.0 0.0
10.05 0.0
10.1 0.0
10.15 0.0
10.2 0.0
10.25 0.0
10.3 0.0
10.35 0.0
10.4 0.0
10.45 0.0
10.5 0.0
10.55 0.0
10.6 0.0
10.65 0.0
10.7 0.0
10.75 0.0
10.8 0.0
10.85 0.0
10.9 0.0
10.95 0.0
11.0 0.0
11.05 0.0
11.1 0.0
11.15 0.0
11.2 0.0
11.25 0.0
11.3 0.0
11.35 0.0
11.4 0.0
11.45 0.0
11.5 0.0
11.55 0.0
11.6 0.0
11.65 0.0
11.7 0.0
11.75 0.0
11.8 0.0
11.85 0.0
11.9 0.0
11.95 0.0
12.0 0.0
12.05 0.0
12.1 0.0
12.15 0.0
12.2 0.0
12.25 0.0
12.3 0.0
12.35 0.0
12.4 0.0
12.45 0.0
12.5 0.0
12.55 0.0
12.6 0.0
12.65 0.0
12.7 0.0
12.75 0.0
12.8 0.0
12.85 0.0
12.9 0.0
12.95 0.0
13.0 0.0
13.05 0.0
13.1 0.0
13.15 0.0
13.2 0.0
13.25 0.0
13.3 0.0
13.35 0.0
13.4 0.0
13.45 0.0
13.5 0.0
13.55 0.0
13.6 0.0
13.65 0.0
13.7 0.0
13.75 0.0
13.8 0.0
13.85 0.0
13.9 0.0
13.95 0.0
14.0 0.0
14.05 0.0
14.1 0.0
14.15 0.0
14.2 0.0
14.25 0.0
14.3 0.0
14.35 0.0
14.4 0.0
14.45 0.0
14.5 0.0
14.55 0.0
14.6 0.0
14.65 0.0
14.7 0.0
14.75 0.0
14.8 0.0
14.85 0.0
14.9 0.0
14.95 0.0
15.0 0.0
15.05 0.0
15.1 0.0
15.15 0.0
15.2 0.0
15.25 0.0
15.3 0.0
15.35 0.0
15.4 0.0
15.45 0.0
15.5 0.0
15.55 0.0
15.6 0.0
15.65 0.0
15.7 0.0
15.75 0.0
15.8 0.0
15.85 0.0
15.9 0.0
15.95 0.0
16.0 0.0
16.05 0.0
16.1 0.0
16.15 0.0
16.2 0.0
16.25 0.0
16.3 0.0
16.35 0.0
16.4 0.0
16.45 0.0
16.5 0.0
16.55 0.0
16.6 0.0
16.65 0.0
16.7 0.0
16.75 0.0
16.8 0.0
16.85 0.0
16.9 0.0
16.95 0.0
17.0 0.0
17.05 0.0
17.1 0.0
17.15 0.0
17.2 0.0
17.25 0.0
17.3 0.0
17.35 0.0
17.4 0.0
17.45 0.0
17.5 0.0
17.55 0.0
17.6 0.0
17.65 0.0
17.7 0.0
17.75 0.0
17.8 0.0
17.85 0.0
17.9 0.0
17.95 0.0
18.0 0.0
18.05 0.0
18.1 0.0
18.15 0.0
18.2 0.0
18.25 0.0
18.3 0.0
18.35 0.0
18.4 0.0
18.45 0.0
18.5 0.0
18.55 0.0
18.6 0.0
18.65 0.0
18.7 0.0
18.75 0.0
18.8 0.0
18.85 0.0
18.9 0.0
18.95 0.0
19.0 0.0
19.05 0.0
19.1 0.0
19.15 0.0
19.2 0.0
19.25 0.0
19.3 0.0
19.35 0.0
19.4 0.0
19.45 0.0
19.5 0.0
19.55 0.0
19.6 0.0
19.65 0.0
19.7 0.0
19.75 0.0
19.8 0.0
19.85 0.0
19.9 0.0
19.95 0.0
20.0 0.003125
20.05 0.00937499999999
20.1 0.0382812499995
20.15 0.0382812499995
20.2 0.109765625002
20.25 0.198193359375
20.3 0.364746093943
20.35 0.383691406255
20.4 0.475781250004
20.45 0.714404296883
20.5 0.76318359385
20.55 0.820849609379
20.6 1.000390625
20.65 0.859472656253
20.7 0.668896484093
20.75 0.741503906254
20.8 0.452636718854
20.85 0.270507812503
20.9 0.284375000003
20.95 0.166015625003
21.0 0.142236328231
21.05 0.182568359379
21.1 0.147070312708
21.15 0.172509765638
21.2 0.180810546693
21.25 0.169775390645
21.3 0.195361327944
21.35 0.20253906262
21.4 0.228222656262
21.45 0.243066406261
21.5 0.326660156577
21.55 0.449023437412
21.6 0.486669921903
21.65 0.470068359415
21.7 0.380517577954
21.75 0.246142578159
21.8 0.223242187517
21.85 0.276220703131
21.9 0.271777343653
21.95 0.310205078359
22.0 0.394189453145
22.05 0.383154296896
22.1 0.423681640645
22.15 0.407324218659
22.2 0.280712890643
22.25 0.305566406278
22.3 0.311376953161
22.35 0.343261718907
22.4 0.41816406254
22.45 0.507568359413
22.5 0.495996093785
22.55 0.452783202931
22.6 0.400732422017
22.65 0.283837890989
22.7 0.261474609499
22.75 0.277441406253
22.8 0.35688476575
22.85 0.353076171541
22.9 0.38774414053
22.95 0.410742187521
23.0 0.334277343535
23.05 0.342675781499
23.1 0.316308593754
23.15 0.260009765628
23.2 0.247216796877
23.25 0.200048828012
23.3 0.223925781373
23.35 0.246484375004
23.4 0.240722656257
23.45 0.270751953014
23.5 0.290966796765
23.55 0.384228515641
23.6 0.426855469014
23.65 0.460351562522
23.7 0.404541015647
23.75 0.337890625016
23.8 0.320800781019
23.85 0.299365234635
23.9 0.393066406274
23.95 0.390966796906
24.0 0.389404296907
24.05 0.368505859156
24.1 0.317871093767
24.15 0.331152343759
24.2 0.348193359508
24.25 0.385058593756
24.3 0.326464843756
24.35 0.27690429688
24.4 0.25322265613
24.45 0.235351562639
24.5 0.258691406256
24.55 0.288916015632
24.6 0.294287109376
24.65 0.28198242188
24.7 0.367138671897
24.75 0.339208984394
24.8 0.318994140779
24.85 0.342089843637
24.9 0.2650878909
24.95 0.275146484516
25.0 0.283642577996
25.05 0.261816406252
25.1 0.280664062367
25.15 0.272460937366
25.2 0.279052734376
25.25 0.24775390625
25.3 0.256640625004
25.35 0.29042968751
25.4 0.296533203137
25.45 0.316503906404
25.5 0.272314453002
25.55 0.259326171889
25.6 0.239208984389
25.65 0.254833984249
25.7 0.255371093761
25.75 0.220361328132
25.8 0.272070312512
25.85 0.311425781411
25.9 0.377978515942
25.95 0.462011718776
26.0 0.485156250163
26.05 0.431542968617
26.1 0.380175781107
26.15 0.322265625003
26.2 0.335839843611
26.25 0.418750000152
26.3 0.40195312486
26.35 0.455908203422
26.4 0.463818359378
26.45 0.579687500154
26.5 0.646093750005
26.55 0.657373046588
26.6 0.674853515643
26.65 0.478564452856
26.7 0.437402343942
26.75 0.377148437565
26.8 0.314208984432
26.85 0.345996093797
26.9 0.327636718631
26.95 0.325195312662
27.0 0.285839843759
27.05 0.359228515634
27.1 0.450439453135
27.15 0.457861328287
27.2 0.453955078132
27.25 0.328369140632
27.3 0.290722656261
27.35 0.306787109078
27.4 0.316845703136
27.45 0.397412109389
27.5 0.43168945314
27.55 0.423437500008
27.6 0.469042968756
27.65 0.478027343755
27.7 0.403369140621
27.75 0.411621093911
27.8 0.368798828129
27.85 0.436279297205
27.9 0.479394531276
27.95 0.431689452996
28.0 0.436816406439
28.05 0.286035155951
28.1 0.26875000001
28.15 0.292382812509
28.2 0.295068359549
28.25 0.332128906266
28.3 0.326025390643
28.35 0.301562500019
28.4 0.259570312191
28.45 0.271386719091
28.5 0.234912109382
28.55 0.328759765629
28.6 0.429882812512
28.65 0.401562499683
28.7 0.413818359723
28.75 0.370800781272
28.8 0.327734375021
28.85 0.349902343946
28.9 0.351904296577
28.95 0.356347656293
29.0 0.363232421923
29.05 0.32319335942
29.1 0.30444335941
29.15 0.234228515816
29.2 0.187060546884
29.25 0.228271484381
29.3 0.228955078126
29.35 0.259472656082
29.4 0.314990234895
29.45 0.360888671709
29.5 0.410986328142
29.55 0.466259765997
29.6 0.43178710889
29.65 0.421484375037
29.7 0.370605468777
29.75 0.275927734046
29.8 0.245654296883
29.85 0.17412109375
