0.1 0.4296875
0.15 0.078125
0.2 0.0
0.25 0.0
0.3 0.0
0.35 0.0
0.4 0.0
0.45 0.0390625
0.5 0.04150390625
0.55 0.11962890625
0.6 0.12451171875
0.65 0.08544921875
0.7 0.2490234375
0.75 0.1708984375
0.8 0.498046875
0.85 0.498046875
0.9 0.99609375
0.95 0.99609375
1.0 1.66015625
1.05 1.66015625
1.1 2.3193359375
1.15 2.32421875
1.2 2.83203125
1.25 2.98828125
1.3 2.9833984375
1.35 3.65234375
1.4 3.21411132813
1.45 4.31640625
1.5 3.79638671875
1.55 4.8974609375
1.6 4.42993164063
1.65 5.3857421875
1.7 5.07141113281
1.75 5.81665039063
1.8 5.83374023438
1.85 5.99853515625
1.9 6.57653808594
1.95 6.27075195312
2.0 7.23815917969
2.05 6.81762695312
2.1 7.71240234375
2.15 7.42553710937
2.2 8.21960449218
2.25 8.02551269531
2.3 8.5791015625
2.35 8.5888671875
2.4 8.67004394531
2.45 8.98498535156
2.5 8.94104003906
2.55 9.15161132812
2.6 9.17846679687
2.65 9.51782226562
2.7 9.41528320312
2.75 9.76684570312
2.8 9.66125488281
2.85 9.73815917968
2.9 9.87670898437
2.95 9.87976074218
3.0 10.0024414062
3.05 9.99938964844
3.1 9.99938964843
3.15 9.99938964843
3.2 9.99999999999
3.25 10.0024414062
3.3 9.99938964843
3.35 9.99938964843
3.4 9.99938964843
3.45 10.0024414062
3.5 9.99938964843
3.55 9.99938964843
3.6 9.99938964843
3.65 10.0012207031
3.7 9.99938964843
3.75 9.99938964843
3.8 9.99938964843
3.85 10.0012207031
3.9 9.99938964846
3.95 9.99938964843
4.0 9.99938964843
4.05 9.99999999997
4.1 10.0024414063
4.15 9.99938964844
4.2 9.99938964844
4.25 9.99938964844
4.3 10.0024414063
4.35 9.99938964844
4.4 9.99938964844
4.45 9.99938964844
4.5 10.0012207031
4.55 9.99938964844
4.6 9.99938964844
4.65 9.99938964844
4.7 10.0012207032
4.75 9.99938964849
4.8 9.99938964844
4.85 9.99938964844
4.9 9.99999999995
4.95 9.86572265625
5.0 9.55749511719
5.05 9.56359863281
5.1 9.56298828131
5.15 9.57275390625
5.2 9.8779296875
5.25 9.84375
5.3 9.8388671875
5.35 9.96826171869
5.4 9.97131347656
5.45 9.99938964844
5.5 10.0024414062
5.55 9.99938964844
5.6 9.99938964844
5.65 9.99938964844
5.7 10.0000000001
5.75 9.99938964844
5.8 9.99938964844
5.85 9.99938964844
5.9 10.001220703
5.95 10.0012207032
6.0 9.99938964844
6.05 9.99938964844
6.1 9.99938964844
6.15 10.0024414063
6.2 9.99938964844
6.25 9.99938964844
6.3 9.99938964844
6.35 10.0024414062
6.4 9.99938964844
6.45 9.99938964844
6.5 9.99938964844
6.55 10.0000000001
6.6 9.99938964844
6.65 9.99938964844
6.7 9.99938964844
6.75 10.001220703
6.8 10.0012207032
6.85 9.99938964844
6.9 9.99938964844
6.95 9.99938964844
7.0 10.0024414063
7.05 9.99938964844
7.1 9.99938964844
7.15 9.99938964844
7.2 10.0024414061
7.25 9.99938964844
7.3 9.99938964844
7.35 9.99938964844
7.4 10.0000000001
7.45 9.99938964844
7.5 9.99938964844
7.55 9.99938964844
7.6 10.001220703
7.65 10.0012207033
7.7 9.99938964844
7.75 9.99938964844
7.8 9.99938964844
7.85 10.0024414063
7.9 9.99938964844
7.95 9.99938964844
8.0 9.99938964845
8.05 10.0024414061
8.1 9.99938964846
8.15 9.99938964846
8.2 9.99938964846
8.25 10.0000000001
8.3 9.99938964846
8.35 9.99938964846
8.4 9.99938964846
8.45 10.0012207031
8.5 10.0012207032
8.55 9.99938964846
8.6 9.99938964846
8.65 9.99938964846
8.7 10.0024414063
8.75 9.99938964846
8.8 9.99938964846
8.85 9.99938964846
8.9 10.0024414062
8.95 9.99938964846
9.0 9.99938964846
9.05 9.99938964846
9.1 10.0
9.15 9.99938964846
9.2 9.99938964846
9.25 9.99938964846
9.3 10.0012207031
9.35 10.0012207031
9.4 9.99938964846
9.45 9.99938964846
9.5 9.99938964846
9.55 10.0024414063
9.6 9.99938964846
9.65 9.99938964846
9.7 9.99938964846
9.75 10.0024414063
9.8 9.99938964846
9.85 9.99938964846
9.9 9.99938964846
9.95 9.86572265625
10.0 9.55749511721
10.05 9.35607910158
10.1 9.35119628908
10.15 9.32922363292
10.2 9.34570312502
10.25 9.48486328116
10.3 8.83239746096
10.35 8.51257324209
10.4 8.25927734378
10.45 7.43896484375
10.5 7.48168945315
10.55 7.10815429702
10.6 6.895751953
10.65 6.97021484375
10.7 6.58874511705
10.75 6.54907226548
10.8 6.46728515643
10.85 6.09619140643
10.9 6.2158203125
10.95 6.0205078125
11.0 5.77636718733
11.05 6.02783203108
11.1 5.69091796875
11.15 5.68603515646
11.2 5.68054199241
11.25 5.47607421875
11.3 5.51513671875
11.35 5.47607421854
11.4 5.2813720701
11.45 5.2172851565
11.5 5.1953125
11.55 5.0634765625
11.6 5.13916015625
11.65 5.03906249976
11.7 4.97802734375
11.75 5.0244140625
11.8 4.97985839872
11.85 4.93896484375
11.9 4.97802734375
11.95 4.81689453125
12.0 4.77844238254
12.05 4.81689453125
12.1 4.65087890625
12.15 4.73449707063
12.2 4.69543457064
12.25 4.60693359375
12.3 4.68994140625
12.35 4.64294433562
12.4 4.60144042936
12.45 4.6435546875
12.5 4.56787109375
12.55 4.53491210974
12.6 4.56298828125
12.65 4.50805664098
12.7 4.52392578125
12.75 4.55444335901
12.8 4.52392578125
12.85 4.55932617192
12.9 4.50927734415
12.95 4.47998046875
13.0 4.45190429729
13.05 4.42382812461
13.1 4.4470214844
13.15 4.40185546875
13.2 4.38842773397
13.25 4.44091796875
13.3 4.40795898396
13.35 4.44152832076
13.4 4.52392578125
13.45 4.443359375
13.5 4.47998046875
13.55 4.5056152344
13.6 4.3994140625
13.65 4.43908691454
13.7 4.41650390674
13.75 4.39880371096
13.8 4.40185546875
13.85 4.39880371046
13.9 4.39025878909
13.95 4.35791015627
14.0 4.43603515625
14.05 4.44091796875
14.1 4.43542480418
14.15 4.45678710886
14.2 4.404296875
14.25 4.39758300836
14.3 4.39697265625
14.35 4.42504882868
14.4 4.39697265625
14.45 4.35974121039
14.5 4.40185546875
14.55 4.33471679632
14.6 4.3994140625
14.65 4.3603515625
14.7 4.31640625
14.75 4.3603515625
14.8 4.31640625
14.85 4.35546875
14.9 4.35546875001
14.95 4.58740234375
15.0 4.5849609375
15.05 4.45556640625
15.1 4.53857421875
15.15 4.23461914127
15.2 4.29199218815
15.25 4.4384765625
15.3 4.27307128972
15.35 4.40612792971
15.4 4.27062988284
15.45 4.27490234375
15.5 4.32067871028
15.55 4.18212890627
15.6 4.29321289065
15.65 4.27795410226
15.7 4.35302734375
15.75 4.34997558596
15.8 4.28039550712
15.85 4.31091308524
15.9 4.27734375
15.95 4.3200683594
16.0 4.39697265625
16.05 4.3603515625
16.1 4.35546875
16.15 4.3542480469
16.2 4.3212890625
16.25 4.31884765625
16.3 4.3603515625
16.35 4.39147949221
16.4 4.39208984375
16.45 4.3994140625
16.5 4.38171386798
16.55 4.40490722579
16.6 4.40185546875
16.65 4.3994140625
16.7 4.40856933596
16.75 4.35791015625
16.8 4.31884765625
16.85 4.35546875
16.9 4.35485839846
16.95 4.39453125
17.0 4.3603515625
17.05 4.3603515625
17.1 4.32800292886
17.15 4.27978515625
17.2 4.35546875
17.25 4.32495117275
17.3 4.376220704
17.35 4.3603515625
17.4 4.3994140625
17.45 4.34936523351
17.5 4.3395996085
17.55 4.35791015625
17.6 4.31640625
17.65 4.39453125
17.7 4.33410644623
17.75 4.29809570405
17.8 4.35119628999
17.85 4.27734375
17.9 4.27490234377
17.95 4.2932128897
18.0 4.28161621001
18.05 4.31640625
18.1 4.29870605375
18.15 4.35546875
18.2 4.31396484375
18.25 4.31884765625
18.3 4.39697265625
18.35 4.31884765625
18.4 4.31884765625
18.45 4.35546875
18.5 4.31884765625
18.55 4.33349609476
18.6 4.33654785258
18.65 4.31274414165
18.7 4.31640625
18.75 4.34082031149
18.8 4.33776855367
18.85 4.32006835836
18.9 4.31396484375
18.95 4.31640625
19.0 4.33410644637
19.05 4.31457519638
19.1 4.31884765625
19.15 4.32189941514
19.2 4.32556152346
19.25 4.35729980363
19.3 4.35791015625
19.35 4.31091308487
19.4 4.28710937392
19.45 4.31030273548
19.5 4.2724609375
19.55 4.27490234375
19.6 4.29260254019
19.65 4.22363281252
19.7 4.23583984375
19.75 4.35546875
19.8 4.29870605357
19.85 4.33471679575
19.9 4.35791015626
19.95 4.50927734375
20.0 4.50439453125
20.05 4.375
20.1 4.4476318371
20.15 4.26513671875
20.2 4.21875
20.25 4.23095703125
20.3 4.16076660039
20.35 3.9599609387
20.4 3.91357421875
20.45 4.06982421875
20.5 4.12780761841
20.55 3.8867187488
20.6 4.02587890625
20.65 4.01123046998
20.7 3.55041503785
20.75 3.8623046875
20.8 3.80615234375
20.85 3.41796874877
20.9 3.65478515625
20.95 3.68408203125
21.0 3.49365234375
21.05 3.65234375
21.1 3.603515625
21.15 3.44970703125
21.2 3.525390625
21.25 3.41491699348
21.3 3.41064453125
21.35 3.40087890625
21.4 3.28369140625
21.45 3.35510253777
21.5 3.3544921875
21.55 3.28369140625
21.6 3.31787109375
21.65 3.27392578125
21.7 3.21533203259
21.75 3.232421875
21.8 3.16162109375
21.85 3.23486328125
21.9 3.19030761721
21.95 3.22509765762
22.0 3.271484375
22.05 3.15673828125
22.1 3.2232666002
22.15 3.12744140489
22.2 3.11279296875
22.25 3.154296875
22.3 3.03466796875
22.35 3.10791015625
22.4 3.06396484517
22.45 3.03039550923
22.5 3.1103515625
22.55 3.037109375
22.6 3.04199218609
22.65 3.10607910159
22.7 3.0346679702
22.75 3.04077148583
22.8 3.09570312646
22.85 3.03588867044
22.9 3.0297851548
22.95 3.05786132667
23.0 2.96630859229
23.05 3.02124023586
23.1 3.02734375
23.15 3.02978515625
23.2 3.06396484375
23.25 2.99011230471
23.3 3.06640625
23.35 2.99072265625
23.4 3.0322265625
23.45 3.03649902193
23.5 3.02917480622
23.55 3.06640625
23.6 2.91503906404
23.65 3.02734375
23.7 2.94616699221
23.75 2.94921875
23.8 3.03344726565
23.85 2.92480468907
23.9 2.98950195157
23.95 2.9931640625
24.0 3.07556152346
24.05 3.01513671718
24.1 3.07373046875
24.15 3.02490234375
24.2 2.9754638656
24.25 3.08105468911
24.3 2.94921875
24.35 3.02978515625
24.4 3.02490234375
24.45 2.97363281089
24.5 3.02734375
24.55 2.98767090008
24.6 3.02734375
24.65 2.95166015625
24.7 3.02978515625
24.75 3.03283691242
24.8 2.9931640625
24.85 3.0712890625
24.9 3.03222656251
24.95 3.14819336106
25.0 3.21044921875
25.05 3.21044921875
25.1 3.15429687669
25.15 3.09020996096
25.2 3.06884765625
25.25 3.03894043141
25.3 3.0859374983
25.35 3.06213378909
25.4 2.98828125
25.45 3.01818847484
25.5 2.94921875
25.55 2.99133300784
25.6 2.98828125
25.65 2.96081543145
25.7 3.02490234375
25.75 2.94555664065
25.8 2.98828125
25.85 3.0181884748
25.9 3.02734375
25.95 2.99987792791
26.0 3.02978515625
26.05 2.99072265625
26.1 2.9931640625
26.15 3.06396484375
26.2 2.9541015625
26.25 3.10546875
26.3 2.99072265625
26.35 3.0322265625
26.4 3.02734375
26.45 2.9541015625
26.5 3.06640625
26.55 2.94921875
26.6 3.06640625
26.65 3.02734375
26.7 3.06640625
26.75 3.02978515625
26.8 3.02978515625
26.85 3.06396484375
26.9 2.9150390625
26.95 3.09020996284
27.0 2.9931640625
27.05 2.9931640625
27.1 3.06640625
27.15 2.93029784966
27.2 3.02734375
27.25 2.94921875
27.3 2.98583984375
27.35 3.02734375
27.4 2.98583984375
27.45 3.02734375
27.5 2.9541015625
27.55 3.02490234375
27.6 3.00537109573
27.65 2.98828125
27.7 3.02734375
27.75 2.98828125
27.8 2.93212890428
27.85 2.95166015625
27.9 2.98583984375
27.95 2.91259765625
28.0 3.05419922077
28.05 3.02734375
28.1 2.99072265625
28.15 3.0230712911
28.2 2.96142577923
28.25 3.00964355673
28.3 2.94677734375
28.35 3.07067870891
28.4 2.99072265625
28.45 2.95166015627
28.5 3.10791015625
28.55 2.89794922083
28.6 2.98828125
28.65 3.003540037
28.7 2.97363281459
28.75 3.00109863283
28.8 3.02978515625
28.85 3.02978515625
28.9 2.96630859166
28.95 3.06823730259
29.0 3.02551269744
29.05 3.02734375
29.1 3.05969238495
29.15 3.02673340058
29.2 3.02917480256
29.25 2.9931640625
29.3 2.9974365213
29.35 2.95227050567
29.4 2.99072265625
29.45 3.02490234375
29.5 2.94921875
29.55 3.06640625
29.6 2.94372558813
29.65 2.94677734375
29.7 2.99743652564
29.75 2.86865234375
29.8 2.98522949221
29.85 2.98828125
