0.1 0.0078125
0.15 0.0
0.2 0.0
0.25 0.0
0.3 0.0
0.35 0.0
0.4 0.0
0.45 0.0
0.5 0.0
0.55 0.0
0.6 0.0
0.65 0.0
0.7 0.0
0.75 0.0
0.8 0.0
0.85 0.0
0.9 0.0
0.95 0.0
1.0 0.0
1.05 0.0
1.1 0.0
1.15 0.0
1.2 0.0
1.25 0.0
1.3 0.0
1.35 0.0
1.4 0.0
1.45 9.76562500055e-05
1.5 0.000341796875044
1.55 0.00043945312505
1.6 0.00043945312505
1.65 0.00112304687508
1.7 0.000878906250046
1.75 0.00126953125007
1.8 0.00126953125007
1.85 0.00126953125007
1.9 0.00126953125007
1.95 0.00126953125003
2.0 0.00126953125006
2.05 0.000732421874987
2.1 0.00102539062493
2.15 0.000927734374858
2.2 0.00156249999978
2.25 0.00141601562479
2.3 0.00131835937481
2.35 0.000927734374887
2.4 0.0004882812499
2.45 0.00039062499992
2.5 0.00039062499992
2.55 0.00039062499992
2.6 0.00117187499976
2.65 0.00117187499976
2.7 0.00205078124958
2.75 0.00205078124958
2.8 0.00107421874978
2.85 0.00107421874978
2.9 0.0
2.95 0.0
3.0 0.0
3.05 0.0
3.1 0.0
3.15 0.0
3.2 0.0
3.25 0.0
3.3 0.0
3.35 0.0
3.4 0.0
3.45 0.0
3.5 0.0
3.55 0.0
3.6 0.0
3.65 0.0
3.7 0.0
3.75 0.0
3.8 0.0
3.85 0.0
3.9 0.0
3.95 0.0
4.0 0.0
4.05 0.0
4.1 0.0
4.15 0.0
4.2 0.0
4.25 0.0
4.3 0.0
4.35 0.0
4.4 0.0
4.45 0.0
4.5 0.0
4.55 0.0
4.6 0.0
4.65 0.0
4.7 0.0
4.75 0.0
4.8 0.0
4.85 0.0
4.9 0.0
4.95 0.0199707031338
5.0 0.0214355468835
5.05 0.0218261718834
5.1 0.0218261718834
5.15 0.00185546874962
5.2 0.00039062499992
5.25 0.0
5.3 0.0
5.35 0.0
5.4 0.0
5.45 0.0
5.5 0.0
5.55 0.0
5.6 0.0
5.65 0.0
5.7 0.0
5.75 0.0
5.8 0.0
5.85 0.0
5.9 0.0
5.95 0.0
6.0 0.0
6.05 0.0
6.1 0.0
6.15 0.0
6.2 0.0
6.25 0.0
6.3 0.0
6.35 0.0
6.4 0.0
6.45 0.0
6.5 0.0
6.55 0.0
6.6 0.0
6.65 0.0
6.7 0.0
6.75 0.0
6.8 0.0
6.85 0.0
6.9 0.0
6.95 0.0
7.0 0.0
7.05 0.0
7.1 0.0
7.15 0.0
7.2 0.0
7.25 0.0
7.3 0.0
7.35 0.0
7.4 0.0
7.45 0.0
7.5 0.0
7.55 0.0
7.6 0.0
7.65 0.0
7.7 0.0
7.75 0.0
7.8 0.0
7.85 0.0
7.9 0.0
7.95 0.0
8.0 0.0
8.05 0.0
8.1 0.0
8.15 0.0
8.2 0.0
8.25 0.0
8.3 0.0
8.35 0.0
8.4 0.0
8.45 0.0
8.5 0.0
8.55 0.0
8.6 0.0
8.65 0.0
8.7 0.0
8.75 0.0
8.8 0.0
8.85 0.0
8.9 0.0
8.95 0.0
9.0 0.0
9.05 0.0
9.1 0.0
9.15 0.0
9.2 0.0
9.25 0.0
9.3 0.0
9.35 0.0
9.4 0.0
9.45 0.0
9.5 0.0
9.55 0.0
9.6 0.0
9.65 0.0
9.7 0.0
9.75 0.0
9.8 0.0
9.85 0.0
9.9 1.7763568394e-14
9.95 0.0210449218624
10.0 0.0217285156129
10.05 0.0217285156129
10.1 0.0217285156129
10.15 0.000781250000657
10.2 0.000195312500164
10.25 0.000195312500164
10.3 0.000390625000328
10.35 0.000488281250304
10.4 0.000488281250357
10.45 0.000585937500439
10.5 0.000585937500492
10.55 0.00078125000071
10.6 0.000976562500821
10.65 0.00107421875101
10.7 0.000878906250792
10.75 0.000683593750681
10.8 0.000781250000319
10.85 0.000585937500048
10.9 0.000585937500048
10.95 0.000488281249966
11.0 0.000195312500164
11.05 0.000195312500164
11.1 0.000195312500164
11.15 0.000195312500164
11.2 0.000195312500164
11.25 0.000390625000328
11.3 0.000390625000328
11.35 0.000390625000328
11.4 0.000292968750246
11.45 9.76562500821e-05
11.5 9.76562500821e-05
11.55 0.000195312500697
11.6 0.000292968750779
11.65 0.000390625000861
11.7 0.000488281250943
11.75 0.00048828125041
11.8 0.000390625000328
11.85 0.000292968750246
11.9 0.000585937500492
11.95 0.000390625000328
12.0 0.00048828125041
12.05 0.000683593750574
12.1 0.000390625000328
12.15 0.000390625000328
12.2 0.000585937500492
12.25 0.00048828125041
12.3 0.00048828125041
12.35 0.000585937500492
12.4 0.000390625000328
12.45 0.000390625000328
12.5 0.000683593750299
12.55 0.000878906250463
12.6 0.000878906250463
12.65 0.000878906250463
12.7 0.00048828125041
12.75 0.000292968750513
12.8 0.000195312500431
12.85 0.000390624999786
12.9 0.000585937499951
12.95 0.000488281249602
13.0 0.000585937499684
13.05 0.000292968750788
13.1 9.76562506239e-05
13.15 9.76562517163e-05
13.2 1.63424829225e-12
13.25 0.000195312501257
13.3 0.000195312501257
13.35 0.000195312500164
13.4 0.000195312500164
13.45 0.0
13.5 0.0
13.55 0.000195312500164
13.6 0.00048828125041
13.65 0.000683593751116
13.7 0.000683593751116
13.75 0.000488281250952
13.8 0.000292968750788
13.85 9.76562500821e-05
13.9 0.000195312500164
13.95 0.000292968750246
14.0 0.000195312500164
14.05 0.000292968750246
14.1 0.000292968750246
14.15 0.000390625000328
14.2 0.000390625000328
14.25 0.000390625000328
14.3 0.000292968750246
14.35 0.000195312500164
14.4 0.000195312500164
14.45 9.76562500821e-05
14.5 9.76562500821e-05
14.55 9.76562500821e-05
14.6 0.000292968750246
14.65 0.000292968750255
14.7 0.000390625000337
14.75 0.000292968750255
14.8 0.000292968750255
14.85 0.000390625000328
14.9 0.000585937500226
14.95 0.00834960942409
15.0 0.00815429692392
15.05 0.00810546874924
15.1 0.00810546874951
15.15 0.000341796825651
15.2 0.000439453075733
15.25 0.00048828125041
15.3 0.000390625000328
15.35 0.00048828125041
15.4 0.000683593750859
15.45 0.00078125000039
15.5 0.00063476562568
15.55 0.00063476562568
15.6 0.000537109375314
15.65 0.0003417968757
15.7 0.000292968750246
15.75 0.000292968750246
15.8 9.76562500821e-05
15.85 9.76562500821e-05
15.9 0.000195312500164
15.95 0.000390625000355
16.0 0.000488281250446
16.05 0.000585937500537
16.1 0.000585937500546
16.15 0.000292968750273
16.2 0.000292968750273
16.25 0.000195312500182
16.3 0.000195312500182
16.35 0.000195312500182
16.4 0.000195312500182
16.45 0.000195312500182
16.5 9.76562500909e-05
16.55 0.000146484375012
16.6 0.000146484375012
16.65 0.000244140625103
16.7 0.000244140625103
16.75 0.000390625000364
16.8 0.000488281250455
16.85 0.000488281250455
16.9 0.000488281250455
16.95 0.000585937500546
17.0 0.000585937500546
17.05 0.000488281250455
17.1 0.000488281250455
17.15 0.000292968750273
17.2 0.000195312500182
17.25 0.000195312500182
17.3 0.000390625000097
17.35 0.000488281250188
17.4 0.000488281250188
17.45 0.000585937500279
17.5 0.000585937500546
17.55 0.000683593750352
17.6 0.000781250000443
17.65 0.000683593750352
17.7 0.000488281250171
17.75 0.000292968750273
17.8 0.000341796875443
17.85 0.000537109375625
17.9 0.000537109375625
17.95 0.000439453125534
18.0 0.000292968750273
18.05 9.76562500909e-05
18.1 9.76562500909e-05
18.15 0.000292968750273
18.2 0.000488281250455
18.25 0.000585937500546
18.3 0.000683593750637
18.35 0.000732421876553
18.4 0.00043945312628
18.45 0.00039062500111
18.5 0.00039062500111
18.55 0.000146484375012
18.6 0.000146484375012
18.65 9.76562500909e-05
18.7 0.000195312500182
18.75 0.000195312500182
18.8 0.000292968750273
18.85 0.000292968750273
18.9 9.76562500909e-05
18.95 9.76562500909e-05
19.0 9.76562500909e-05
19.05 0.000195312500182
19.1 0.000195312500182
19.15 0.000195312500182
19.2 0.000292968750273
19.25 0.000195312500182
19.3 0.000292968750273
19.35 0.000439453125018
19.4 0.000244140624837
19.45 0.000537109375376
19.5 0.000537109375376
19.55 0.000488281250721
19.6 0.000488281250721
19.65 0.000292968750273
19.7 0.000390625000364
19.75 0.000488281250455
19.8 0.000488281250455
19.85 0.000488281250455
19.9 0.000292968750273
19.95 0.00805664080888
20.0 0.00805664080888
20.05 0.00795898455879
20.1 0.00805664080888
20.15 0.000292968750273
20.2 0.000292968750273
20.25 0.000390625000364
20.3 0.000341796873755
20.35 0.000146484373573
20.4 0.000146484373573
20.45 4.88281234823e-05
20.5 0.0
20.55 9.76562500909e-05
20.6 9.76562500909e-05
20.65 9.76562500909e-05
20.7 9.76562500909e-05
20.75 9.76562500909e-05
20.8 9.76562500909e-05
20.85 0.000195312500182
20.9 0.000292968750273
20.95 0.000195312500182
21.0 0.000292968750273
21.05 0.000292968750273
21.1 0.000292968750273
21.15 0.000390625000364
21.2 0.000292968750273
21.25 0.000195312500182
21.3 9.76562500909e-05
21.35 0.0
21.4 9.76562500909e-05
21.45 0.000195312500182
21.5 0.000195312500182
21.55 0.000292968750273
21.6 0.000195312500182
21.65 9.76562500909e-05
21.7 0.000195312500182
21.75 0.000292968750273
21.8 0.000292968750273
21.85 0.000292968750273
21.9 0.000195312500182
21.95 0.0
22.0 0.0
22.05 0.0
22.1 0.0
22.15 9.76562500909e-05
22.2 9.76562500909e-05
22.25 0.000195312500182
22.3 0.000195312500182
22.35 9.76562500909e-05
22.4 9.76562500909e-05
22.45 0.0
22.5 9.76562500909e-05
22.55 9.76562500909e-05
22.6 0.000195312500182
22.65 0.000292968750273
22.7 0.000195312500182
22.75 0.000292968750273
22.8 0.000195312500182
22.85 0.000195312500182
22.9 0.000292968750273
22.95 0.000292968750273
23.0 0.000390625000364
23.05 0.000292968750273
23.1 0.000292968750273
23.15 0.000195312500182
23.2 9.76562500909e-05
23.25 9.76562500909e-05
23.3 0.000195312500182
23.35 0.000292968750273
23.4 0.000488281250455
23.45 0.000488281250455
23.5 0.000292968750273
23.55 0.000292968750273
23.6 9.76562500909e-05
23.65 0.000195312500182
23.7 0.000195312500182
23.75 9.76562500909e-05
23.8 9.76562500909e-05
23.85 0.0
23.9 9.76562500909e-05
23.95 0.000195312500182
24.0 0.000390625000364
24.05 0.000390625000364
24.1 0.000292968750273
24.15 0.000195312500182
24.2 9.76562500909e-05
24.25 9.76562500909e-05
24.3 9.76562500909e-05
24.35 9.76562500909e-05
24.4 0.0
24.45 9.76562500909e-05
24.5 9.76562500909e-05
24.55 9.76562500909e-05
24.6 9.76562500909e-05
24.65 0.0
24.7 0.0
24.75 0.0
24.8 0.0
24.85 9.76562500909e-05
24.9 0.000292968750273
24.95 0.000634765758978
25.0 0.00083007825916
25.05 0.000927734509251
25.1 0.000732422009069
25.15 0.000488281250455
25.2 0.000292968750273
25.25 9.76562500909e-05
25.3 9.76562500909e-05
25.35 0.0
25.4 9.76562500909e-05
25.45 9.76562500909e-05
25.5 9.76562500909e-05
25.55 0.000292968750273
25.6 0.000195312500182
25.65 0.000195312500182
25.7 0.000195312500182
25.75 0.0
25.8 9.76562500909e-05
25.85 9.76562500909e-05
25.9 9.76562500909e-05
25.95 0.000195312500182
26.0 9.76562500909e-05
26.05 9.76562500909e-05
26.1 9.76562500909e-05
26.15 0.0
26.2 0.0
26.25 0.0
26.3 9.76562500909e-05
26.35 0.000195312500182
26.4 0.000390625000364
26.45 0.000390625000364
26.5 0.000292968750273
26.55 0.000195312500182
26.6 9.76562500909e-05
26.65 9.76562500909e-05
26.7 0.000195312500182
26.75 0.000292968750273
26.8 0.000195312500182
26.85 0.000292968750273
26.9 0.000195312500182
26.95 9.76562500909e-05
27.0 0.000195312500182
27.05 0.000195312500182
27.1 0.000390625000364
27.15 0.000390625000364
27.2 0.000292968750273
27.25 0.000195312500182
27.3 9.76562500909e-05
27.35 0.000195312500182
27.4 0.000195312500182
27.45 0.000195312500182
27.5 0.000292968750273
27.55 0.000195312500182
27.6 0.000195312500182
27.65 0.000195312500182
27.7 0.0
27.75 0.0
27.8 9.76562500909e-05
27.85 9.76562500909e-05
27.9 9.76562500909e-05
27.95 9.76562500909e-05
28.0 0.0
28.05 0.0
28.1 9.76562500909e-05
28.15 9.76562500909e-05
28.2 9.76562500909e-05
28.25 9.76562500909e-05
28.3 9.76562500909e-05
28.35 0.000390625000364
28.4 0.000390625000364
28.45 0.000390625000364
28.5 0.000488281250455
28.55 0.000195312500182
28.6 0.000195312500182
28.65 0.000195312500182
28.7 9.76562500909e-05
28.75 0.000195312500182
28.8 0.000195312500182
28.85 0.000195312500182
28.9 0.000195312500182
28.95 9.76562500909e-05
29.0 9.76562500909e-05
29.05 9.76562500909e-05
29.1 9.76562500909e-05
29.15 9.76562500909e-05
29.2 9.76562500909e-05
29.25 0.000195312500182
29.3 9.76562500909e-05
29.35 0.000195312500182
29.4 0.000292968750273
29.45 0.000292968750273
29.5 0.000292968750273
29.55 0.000195312500182
29.6 0.000195312500182
29.65 9.76562500909e-05
29.7 9.76562500909e-05
29.75 0.000195312500182
29.8 0.000195312500182
29.85 0.000195312500182
