0.1 0.0
0.15 0.0
0.2 0.0
0.25 0.0
0.3 0.0
0.35 0.0
0.4 0.0
0.45 0.0
0.5 0.0
0.55 0.0
0.6 0.0
0.65 0.0
0.7 0.0
0.75 0.0
0.8 0.0
0.85 0.0
0.9 0.000146484374999
0.95 0.000146484374999
1.0 0.000683593749997
1.05 0.000683593749997
1.1 0.00146484374999
1.15 0.00146484374999
1.2 0.00146484374999
1.25 0.00171203613281
1.3 0.001806640625
1.35 0.00306091308593
1.4 0.00358581542968
1.45 0.00507507324218
1.5 0.00456542968749
1.55 0.00584411621092
1.6 0.00514831542967
1.65 0.00722656249998
1.7 0.00671386718748
1.75 0.00893554687498
1.8 0.00857238769529
1.85 0.00679931640624
1.9 0.00680236816405
1.95 0.00398559570312
2.0 0.00411071777344
2.05 0.00299987792971
2.1 0.00439758300781
2.15 0.00284423828125
2.2 0.00404052734376
2.25 0.00379028320308
2.3 0.00458374023439
2.35 0.00556945800781
2.4 0.00655822753907
2.45 0.00661926269529
2.5 0.00830993652341
2.55 0.00755310058589
2.6 0.00634765624993
2.65 0.00560607910156
2.7 0.00265502929683
2.75 0.00207824707031
2.8 0.000982666015618
2.85 0.000982666015618
2.9 4.88281250142e-05
2.95 1.22070312485e-05
3.0 0.0
3.05 0.0
3.1 0.0
3.15 0.0
3.2 0.0
3.25 0.0
3.3 0.0
3.35 0.0
3.4 0.0
3.45 0.0
3.5 0.0
3.55 0.0
3.6 0.0
3.65 0.0
3.7 0.0
3.75 0.0
3.8 0.0
3.85 0.0
3.9 0.0
3.95 0.0
4.0 0.0
4.05 0.0
4.1 0.0
4.15 0.0
4.2 0.0
4.25 0.0
4.3 0.0
4.35 0.0
4.4 0.0
4.45 0.0
4.5 0.0
4.55 0.0
4.6 0.0
4.65 0.0
4.7 0.0
4.75 0.0
4.8 0.0
4.85 0.0
4.9 0.0
4.95 0.00186157226566
5.0 0.00278625488286
5.05 0.00287170410163
5.1 0.00287170410163
5.15 0.00117492675781
5.2 0.000250244140613
5.25 0.00232543945296
5.3 0.00232543945296
5.35 0.00216064453112
5.4 0.00216064453112
5.45 0.0
5.5 0.0
5.55 0.0
5.6 0.0
5.65 0.0
5.7 0.0
5.75 0.0
5.8 0.0
5.85 0.0
5.9 0.0
5.95 0.0
6.0 0.0
6.05 0.0
6.1 0.0
6.15 0.0
6.2 0.0
6.25 0.0
6.3 0.0
6.35 0.0
6.4 0.0
6.45 0.0
6.5 0.0
6.55 0.0
6.6 0.0
6.65 0.0
6.7 0.0
6.75 0.0
6.8 0.0
6.85 0.0
6.9 0.0
6.95 0.0
7.0 0.0
7.05 0.0
7.1 0.0
7.15 0.0
7.2 0.0
7.25 0.0
7.3 0.0
7.35 0.0
7.4 0.0
7.45 0.0
7.5 0.0
7.55 0.0
7.6 0.0
7.65 0.0
7.7 0.0
7.75 0.0
7.8 0.0
7.85 0.0
7.9 0.0
7.95 0.0
8.0 0.0
8.05 0.0
8.1 0.0
8.15 0.0
8.2 0.0
8.25 0.0
8.3 0.0
8.35 0.0
8.4 0.0
8.45 0.0
8.5 0.0
8.55 0.0
8.6 0.0
8.65 0.0
8.7 0.0
8.75 0.0
8.8 0.0
8.85 0.0
8.9 0.0
8.95 0.0
9.0 0.0
9.05 0.0
9.1 0.0
9.15 0.0
9.2 0.0
9.25 0.0
9.3 0.0
9.35 0.0
9.4 0.0
9.45 0.0
9.5 0.0
9.55 0.0
9.6 0.0
9.65 0.0
9.7 0.0
9.75 0.0
9.8 0.0
9.85 0.0
9.9 0.0
9.95 0.00281066894513
10.0 0.00448913574194
10.05 0.00622863769508
10.1 0.00627136230434
10.15 0.00466308593722
10.2 0.00368957519499
10.25 0.00520935058538
10.3 0.00722656249942
10.35 0.00824279785094
10.4 0.00978698730401
10.45 0.00808410644476
10.5 0.00803222656198
10.55 0.00635375976525
10.6 0.00685729980433
10.65 0.00779113769493
10.7 0.00852355956986
10.75 0.0101837158198
10.8 0.00939941406202
10.85 0.0087585449223
10.9 0.0082397460933
10.95 0.00823669433545
11.0 0.00867309570264
11.05 0.00804748535021
11.1 0.00740661621053
11.15 0.00662231445276
11.2 0.00531311035122
11.25 0.00543212890587
11.3 0.00468749999965
11.35 0.00421752929652
11.4 0.00361328124965
11.45 0.00423889160125
11.5 0.00480346679656
11.55 0.00495300292944
11.6 0.00527648925758
11.65 0.00381774902324
11.7 0.00350036621076
11.75 0.00374755859359
11.8 0.00381774902462
11.85 0.00371093749978
11.9 0.00307617187478
11.95 0.00229492187472
12.0 0.00201721191246
12.05 0.00265197753885
12.1 0.00239868164045
12.15 0.00249938964826
12.2 0.00251770019514
12.25 0.00192260742173
12.3 0.00256347656233
12.35 0.00232849121077
12.4 0.00236511230449
12.45 0.0025970458982
12.5 0.00199279785132
12.55 0.0018096923826
12.6 0.0013885498045
12.65 0.000793457031185
12.7 0.000680541992136
12.75 0.000598144531211
12.8 0.000729370117163
12.85 0.000976562499873
12.9 0.00113830566593
12.95 0.0013031005858
13.0 0.00107116699204
13.05 0.00101928710926
13.1 0.00162048339637
13.15 0.00149841308585
13.2 0.00166625976562
13.25 0.00172424316403
13.3 0.00130310058584
13.35 0.00137023925775
13.4 0.00168457031242
13.45 0.0016082763671
13.5 0.00155639648428
13.55 0.00173339843744
13.6 0.00143432617181
13.65 0.00157775878901
13.7 0.00126953124998
13.75 0.00141601562491
13.8 0.00195617675768
13.85 0.00227966308579
13.9 0.00279541015605
13.95 0.00231933593731
14.0 0.00200195312479
14.05 0.00174865722634
14.1 0.00118713378889
14.15 0.00150756835921
14.2 0.0014587402342
14.25 0.00113220214833
14.3 0.00114440917953
14.35 0.00074157714832
14.4 0.000646972656153
14.45 0.000634765624835
14.5 0.000885009765527
14.55 0.000970458984274
14.6 0.000753784179592
14.65 0.00115661621086
14.7 0.000912475585826
14.75 0.00087280273422
14.8 0.000927734374858
14.85 0.000650024413943
14.9 0.000991821288949
14.95 0.00130310059198
15.0 0.00191955565777
15.05 0.00224304198589
15.1 0.00238952636088
15.15 0.0024536132688
15.2 0.00198364257796
15.25 0.00172424316385
15.3 0.00142822265606
15.35 0.00181884765598
15.4 0.00185852050748
15.45 0.00196228027314
15.5 0.00195007324192
15.55 0.00172424316381
15.6 0.00202331543298
15.65 0.00197753906232
15.7 0.00243530273413
15.75 0.00215454101541
15.8 0.00165405273074
15.85 0.00156860351548
15.9 0.0013214111327
15.95 0.00137634277329
16.0 0.00139770507786
16.05 0.00187072753873
16.1 0.00172424316373
16.15 0.00157470703094
16.2 0.00190429687474
16.25 0.00153808593728
16.3 0.00139770507794
16.35 0.00191955566387
16.4 0.00185241699202
16.45 0.00178527832018
16.5 0.00193176269516
16.55 0.00159912109363
16.6 0.00137023925769
16.65 0.00149841308579
16.7 0.00122680664051
16.75 0.001300048828
16.8 0.00120849609363
16.85 0.000924682617118
16.9 0.00157775878899
16.95 0.00122985839832
17.0 0.00112915039051
17.05 0.00169067382794
17.1 0.00119934082011
17.15 0.00157775878888
17.2 0.00170898437478
17.25 0.0010772705076
17.3 0.0011047363279
17.35 0.000848388671676
17.4 0.00150756835916
17.45 0.00183410644508
17.5 0.00189208984354
17.55 0.00198059082011
17.6 0.00158996582013
17.65 0.00198059082013
17.7 0.00207519531231
17.75 0.00206909179666
17.8 0.00224914550761
17.85 0.00188598632793
17.9 0.00242919921856
17.95 0.00238037109361
18.0 0.00248413085926
18.05 0.00218811035147
18.1 0.00177917480458
18.15 0.00166015624987
18.2 0.00132141113262
18.25 0.0015777587889
18.3 0.00141601562479
18.35 0.0017272949217
18.4 0.00141906738269
18.45 0.00115966796856
18.5 0.00084838867176
18.55 0.000540161132656
18.6 0.000662231445141
18.65 0.000738525390469
18.7 0.00107116699201
18.75 0.00110168457015
18.8 0.000930786132669
18.85 0.000848388671808
18.9 0.000729370117083
18.95 0.000695800781139
19.0 0.000796508788932
19.05 0.000967407226363
19.1 0.00101623535142
19.15 0.000927734374849
19.2 0.000769042968644
19.25 0.000775146484256
19.3 0.000897216796758
19.35 0.00105590820306
19.4 0.00115966796864
19.45 0.000946044921797
19.5 0.000527954101496
19.55 0.000527954101449
19.6 0.000796508788948
19.65 0.000747680663955
19.7 0.000930786132722
19.75 0.000814819335847
19.8 0.000750732421808
19.85 0.000790405273335
19.9 0.00126953124984
19.95 0.00266113271488
20.0 0.00271301258045
20.05 0.00295104968986
20.1 0.00317993152579
20.15 0.00215148924042
20.2 0.00224914550765
20.25 0.00244140624983
20.3 0.00231628417919
20.35 0.00220336914015
20.4 0.00208435058537
20.45 0.00249023437443
20.5 0.00262756347632
20.55 0.00253601074211
20.6 0.0034454345703
20.65 0.0031860351562
20.7 0.00264587402347
20.75 0.00308227539046
20.8 0.00209960937484
20.85 0.00174255371084
20.9 0.00150146484361
20.95 0.000802612304578
21.0 0.000555419921805
21.05 0.000228881835878
21.1 0.000106811523376
21.15 0.000476074218684
21.2 0.000460815429622
21.25 0.000646972656179
21.3 0.000650024413985
21.35 0.00028686523432
21.4 0.000271606445258
21.45 0.000299072265543
21.5 0.000317382812411
21.55 0.000503540038951
21.6 0.000717163085826
21.65 0.000897216796774
21.7 0.00110473632802
21.75 0.000909423828029
21.8 0.000912475585836
21.85 0.000634765624902
21.9 0.000469970703038
21.95 0.000585937499893
22.0 0.000567626953024
22.05 0.000534057617093
22.1 0.000518798828031
22.15 0.00053100585932
22.2 0.000344848632763
22.25 0.000326538085894
22.3 0.000259399414032
22.35 0.000155639648399
22.4 0.000238037109324
22.45 0.00018920898433
22.5 0.000595092773376
22.55 0.000753784179615
22.6 0.000674438476497
22.65 0.00068054199211
22.7 0.000311279296802
22.75 0.000146484374932
22.8 0.000201416015538
22.85 0.000268554687413
22.9 0.000314331054599
22.95 0.000488281249901
23.0 0.000460815429613
23.05 0.000415039062414
23.1 0.000534057617109
23.15 0.000692749023365
23.2 0.000839233398349
23.25 0.000814819335867
23.3 0.000631713867116
23.35 0.000509643554615
23.4 0.000354003906182
23.45 0.0003814697265
23.5 0.000408935546818
23.55 0.000155639648399
23.6 0.000149536132786
23.65 0.000341796874956
23.7 0.000717163085877
23.75 0.000717163085877
23.8 0.000701904296815
23.85 0.000588989257763
23.9 0.000543212890576
23.95 0.000607299804631
24.0 0.000900268554607
24.05 0.0012420654296
24.1 0.00147705078115
24.15 0.00139770507803
24.2 0.0013397216796
24.25 0.000949096679621
24.3 0.000418090820268
24.35 0.000564575195248
24.4 0.000610351562434
24.45 0.000582885742116
24.5 0.000689697265556
24.55 0.000588989257763
24.6 0.000289916992157
24.65 0.000457763671845
24.7 0.000421142578074
24.75 0.000454711914005
24.8 0.000674438476493
24.85 0.000457763671812
24.9 0.000378417968688
24.95 0.000653076171816
25.0 0.000784301757749
25.05 0.000857543945236
25.1 0.000787353515573
25.15 0.00103454589836
25.2 0.000720214843678
25.25 0.000662231445253
25.3 0.000872802734292
25.35 0.000494384765553
25.4 0.000460815429622
25.45 0.000491333007746
25.5 0.000534057617126
25.55 0.000512695312451
25.6 0.000759887695257
25.65 0.00107727050773
25.7 0.00105895996086
25.75 0.000854492187438
25.8 0.0006256103515
25.85 0.000372314453081
25.9 0.000201416015586
25.95 0.000454711913987
26.0 0.000549316406168
26.05 0.000982666015534
26.1 0.000939941406154
26.15 0.000912475585854
26.2 0.000979614257716
26.25 0.00062561035147
26.3 0.00118103027334
26.35 0.000991821288971
26.4 0.000808715820254
26.45 0.000805664062448
26.5 0.000402832031206
26.55 0.000531005859317
26.6 0.000735473632743
26.65 0.000799560546798
26.7 0.000656127929625
26.75 0.000805664062444
26.8 0.000695800781181
26.85 0.000628662109319
26.9 0.000680541992119
26.95 0.000509643564145
27.0 0.000494384765583
27.05 0.000372314453063
27.1 0.000338745117132
27.15 0.000198364248243
27.2 0.000119018554644
27.25 0.000344848632763
27.3 0.000732421874939
27.35 0.000985717773359
27.4 0.0010223388671
27.45 0.000790405273352
27.5 0.000646972656158
27.55 0.000659179687413
27.6 0.000723266601469
27.65 0.000701904296794
27.7 0.000506591796805
27.75 0.000595092773342
27.8 0.000576782226474
27.85 0.00082397460928
27.9 0.00091247558585
27.95 0.000604248046825
28.0 0.000592041015569
28.05 0.000369262695245
28.1 0.000234985351487
28.15 0.000473022460844
28.2 0.000454711913975
28.25 0.000460815429618
28.3 0.000405883789012
28.35 0.000231933593693
28.4 0.000198364257762
28.45 0.00041809082025
28.5 0.0006530761718
28.55 0.000637817382756
28.6 0.000689697265556
28.65 0.000424194335881
28.7 0.00024108886713
28.75 0.00024108886713
28.8 0.000180053710881
28.85 0.000213623046812
28.9 0.000183105468687
28.95 0.00014648437492
29.0 0.000311279296802
29.05 0.000665283203047
29.1 0.00085754394523
29.15 0.000817871093686
29.2 0.00090026855461
29.25 0.000711059570229
29.3 0.000564575195233
29.35 0.000561523437427
29.4 0.000396728515557
29.45 0.000198364257762
29.5 0.000430297851506
29.55 0.00071411132805
29.6 0.00065917969838
29.65 0.000698852538987
29.7 0.000402832031188
29.75 0.000137329101513
29.8 0.000155639637431
29.85 0.000128173828081
