0.1 0.4296875
0.15 0.078125
0.2 0.0
0.25 0.0
0.3 0.0
0.35 0.0
0.4 0.0
0.45 0.0
0.5 0.0
0.55 0.0
0.6 0.0
0.65 0.0
0.7 0.0
0.75 0.0
0.8 0.0
0.85 0.0
0.9 0.0
0.95 0.0
1.0 0.0
1.05 0.0
1.1 0.0
1.15 0.0
1.2 0.0
1.25 0.0
1.3 0.0
1.35 0.0
1.4 0.0
1.45 0.0
1.5 0.0
1.55 0.0
1.6 0.0
1.65 0.0
1.7 0.0
1.75 0.0
1.8 0.0
1.85 0.0
1.9 0.0
1.95 0.0
2.0 0.0
2.05 0.0
2.1 0.0
2.15 0.0
2.2 0.0
2.25 0.0
2.3 0.0
2.35 0.0
2.4 0.0
2.45 0.0
2.5 0.0
2.55 0.0
2.6 0.0
2.65 0.0
2.7 0.0
2.75 0.0
2.8 0.0
2.85 0.0
2.9 0.0
2.95 0.0
3.0 0.0
3.05 0.0
3.1 0.0
3.15 0.0
3.2 0.0
3.25 0.0
3.3 0.0
3.35 0.0
3.4 0.0
3.45 0.0
3.5 0.0
3.55 0.0
3.6 0.0
3.65 0.0
3.7 0.0
3.75 0.0
3.8 0.0
3.85 0.0
3.9 0.0
3.95 0.0
4.0 0.0
4.05 0.0
4.1 0.0
4.15 0.0
4.2 0.0
4.25 0.0
4.3 0.0
4.35 0.0
4.4 0.0
4.45 0.0
4.5 0.0
4.55 0.0
4.6 0.0
4.65 0.0
4.7 0.0
4.75 0.0
4.8 0.0
4.85 0.0
4.9 0.0
4.95 0.2734375
5.0 0.4296875
5.05 0.4296875
5.1 0.4296875
5.15 0.15625
5.2 0.0
5.25 0.0
5.3 0.0
5.35 0.0
5.4 0.0
5.45 0.0
5.5 0.0
5.55 0.0
5.6 0.0
5.65 0.0
5.7 0.0
5.75 0.0
5.8 0.0
5.85 0.0
5.9 0.0
5.95 0.0
6.0 0.0
6.05 0.0
6.1 0.0
6.15 0.0
6.2 0.0
6.25 0.0
6.3 0.0
6.35 0.0
6.4 0.0
6.45 0.0
6.5 0.0
6.55 0.0
6.6 0.0
6.65 0.0
6.7 0.0
6.75 0.0
6.8 0.0
6.85 0.0
6.9 0.0
6.95 0.0
7.0 0.0
7.05 0.0
7.1 0.0
7.15 0.0
7.2 0.0
7.25 0.0
7.3 0.0
7.35 0.0
7.4 0.0
7.45 0.0
7.5 0.0
7.55 0.0
7.6 0.0
7.65 0.0
7.7 0.0
7.75 0.0
7.8 0.0
7.85 0.0
7.9 0.0
7.95 0.0
8.0 0.0
8.05 0.0
8.1 0.0
8.15 0.0
8.2 0.0
8.25 0.0
8.3 0.0
8.35 0.0
8.4 0.0
8.45 0.0
8.5 0.0
8.55 0.0
8.6 0.0
8.65 0.0
8.7 0.0
8.75 0.0
8.8 0.0
8.85 0.0
8.9 0.0
8.95 0.0
9.0 0.0
9.05 0.0
9.1 0.0
9.15 0.0
9.2 0.0
9.25 0.0
9.3 0.0
9.35 0.0
9.4 0.0
9.45 0.0
9.5 0.0
9.55 0.0
9.6 0.0
9.65 0.0
9.7 0.0
9.75 0.0
9.8 0.0
9.85 0.0
9.9 2.22044604925e-13
9.95 0.2734375
10.0 0.4296875
10.05 0.4296875
10.1 0.429687499999
10.15 0.15625
10.2 0.0
10.25 0.0
10.3 0.0
10.35 0.0
10.4 0.0
10.45 0.0
10.5 0.0
10.55 0.0
10.6 0.0
10.65 0.0
10.7 0.0
10.75 0.0
10.8 0.0
10.85 0.0
10.9 0.0
10.95 0.0
11.0 0.0
11.05 0.0
11.1 0.0
11.15 0.0
11.2 0.0
11.25 0.0
11.3 0.0
11.35 0.0
11.4 0.0
11.45 0.0
11.5 0.0
11.55 0.0
11.6 0.0
11.65 0.0
11.7 0.0
11.75 0.0
11.8 0.0
11.85 0.0
11.9 0.0
11.95 0.0
12.0 0.0
12.05 0.0
12.1 0.0
12.15 0.0
12.2 0.0
12.25 0.0
12.3 0.0
12.35 0.0
12.4 0.0
12.45 0.0
12.5 0.0
12.55 0.0
12.6 0.0
12.65 0.0
12.7 0.0
12.75 0.0
12.8 0.0
12.85 0.0
12.9 0.0
12.95 0.0
13.0 0.0
13.05 0.0
13.1 0.0
13.15 0.0
13.2 0.0
13.25 0.0
13.3 0.0
13.35 0.0
13.4 0.0
13.45 0.0
13.5 0.0
13.55 0.0
13.6 0.0
13.65 0.0
13.7 0.0
13.75 0.0
13.8 0.0
13.85 0.0
13.9 0.0
13.95 0.0
14.0 0.0
14.05 0.0
14.1 0.0
14.15 0.0
14.2 0.0
14.25 0.0
14.3 0.0
14.35 0.0
14.4 0.0
14.45 0.0
14.5 0.0
14.55 0.0
14.6 0.0
14.65 0.0
14.7 0.0
14.75 0.0
14.8 0.0
14.85 0.0
14.9 4.66293670343e-12
14.95 0.3125
15.0 0.4296875
15.05 0.46875
15.1 0.468749999995
15.15 0.15625
15.2 0.0390625
15.25 0.0
15.3 0.0
15.35 0.0
15.4 0.0
15.45 0.0
15.5 0.0
15.55 0.0
15.6 0.0
15.65 0.0
15.7 0.0
15.75 0.0
15.8 0.0
15.85 0.0
15.9 0.0
15.95 0.0
16.0 0.0
16.05 0.0
16.1 0.0
16.15 0.0
16.2 0.0
16.25 0.0
16.3 0.0
16.35 0.0
16.4 0.0
16.45 0.0
16.5 0.0
16.55 0.0
16.6 0.0
16.65 0.0
16.7 0.0
16.75 0.0
16.8 0.0
16.85 0.0
16.9 0.0
16.95 0.0
17.0 0.0
17.05 0.0
17.1 0.0
17.15 0.0
17.2 0.0
17.25 0.0
17.3 0.0
17.35 0.0
17.4 0.0
17.45 0.0
17.5 0.0
17.55 0.0
17.6 0.0
17.65 0.0
17.7 0.0
17.75 0.0
17.8 0.0
17.85 0.0
17.9 0.0
17.95 0.0
18.0 0.0
18.05 0.0
18.1 0.0
18.15 0.0
18.2 0.0
18.25 0.0
18.3 0.0
18.35 0.0
18.4 0.0
18.45 0.0
18.5 0.0
18.55 0.0
18.6 0.0
18.65 0.0
18.7 0.0
18.75 0.0
18.8 0.0
18.85 0.0
18.9 0.0
18.95 0.0
19.0 0.0
19.05 0.0
19.1 0.0
19.15 0.0
19.2 0.0
19.25 0.0
19.3 0.0
19.35 0.0
19.4 0.0
19.45 0.0
19.5 0.0
19.55 0.0
19.6 0.0
19.65 0.0
19.7 0.0
19.75 0.0
19.8 0.0
19.85 0.0
19.9 9.10382880193e-12
19.95 0.35400390625
20.0 0.55419921875
20.05 0.698242188669
20.1 0.75927734374
20.15 0.7373046875
20.2 1.201171875
20.25 1.57714843633
20.3 2.05749511836
20.35 2.94677734375
20.4 3.56384277462
20.45 3.90625000118
20.5 4.66613769414
20.55 5.12451171875
20.6 5.04455566288
20.65 5.56884765507
20.7 6.11450195436
20.75 5.93017578125
20.8 6.1962890625
20.85 6.60766601687
20.9 6.35131835815
20.95 6.32080078125
21.0 6.51977539189
21.05 6.34887695315
21.1 6.38977050909
21.15 6.552734375
21.2 6.46850585811
21.25 6.57958984249
21.3 6.5856933594
21.35 6.58081054818
21.4 6.71875
21.45 6.64428711069
21.5 6.63879394534
21.55 6.73095703127
21.6 6.6845703125
21.65 6.71997070182
21.7 6.78710937369
21.75 6.76879882815
21.8 6.8408203125
21.85 6.767578125
21.9 6.80908203125
21.95 6.77246093616
22.0 6.72546386856
22.05 6.845703125
22.1 6.77001953263
22.15 6.86950683733
22.2 6.89270019534
22.25 6.84814453125
22.3 6.96533202987
22.35 6.89575195315
22.4 6.92626952986
22.45 6.96716308736
22.5 6.89453125143
22.55 6.96350097659
22.6 6.963500978
22.65 6.8927001939
22.7 6.96777343608
22.75 6.9494628892
22.8 6.903686522
22.85 6.97265625
22.9 6.97021484375
22.95 6.95068359523
23.0 7.03308105617
23.05 6.97509765625
23.1 6.97509765625
23.15 6.96350097659
23.2 6.93603515627
23.25 7.00927734375
23.3 6.93420410308
23.35 7.00622558445
23.4 6.96044921877
23.45 6.95983886872
23.5 6.96960449068
23.55 6.93603515625
23.6 7.07824706879
23.65 6.98425292971
23.7 7.05322265625
23.75 7.05322265625
23.8 6.97509765625
23.85 7.05932617033
23.9 7.01660156408
23.95 7.00927734375
24.0 6.93603515625
24.05 6.98730468909
24.1 6.91894531252
24.15 6.97570800942
24.2 7.00927734375
24.25 6.92138671716
24.3 7.05017089846
24.35 6.97204589684
24.4 6.9775390625
24.45 7.01965332195
24.5 6.97387695315
24.55 7.01171875
24.6 6.97509765625
24.65 7.05383300784
24.7 6.98364257815
24.75 6.96655273605
24.8 7.01171875168
24.85 6.93481445315
24.9 6.94824218752
24.95 7.06787109377
25.0 6.87011718583
25.05 6.77307128909
25.1 6.85119628738
25.15 6.69311523269
25.2 6.8408203125
25.25 6.96960449049
25.3 6.91650390798
25.35 6.93359375
25.4 7.01416015625
25.45 6.99096679862
25.5 7.04406738284
25.55 7.01416015625
25.6 7.01416015625
25.65 7.03491210764
25.7 6.98364257815
25.75 7.05078125
25.8 7.01232910334
25.85 6.97265625
25.9 6.97570800784
25.95 7.00256347836
26.0 6.97204589666
26.05 7.01416015806
26.1 7.00256347659
26.15 6.94335937502
26.2 7.04223632995
26.25 6.8945312482
26.3 7.0056152344
26.35 6.96105957034
26.4 6.96594238284
26.45 7.04528808779
26.5 6.93786621096
26.55 7.04528808596
26.6 6.94519042971
26.65 6.97814941222
26.7 6.92810058596
26.75 6.97265625002
26.8 6.97265625002
26.85 6.93603515625
26.9 7.08190917781
26.95 6.91589355281
27.0 7.01232910159
27.05 7.00622558786
27.1 6.93603515625
27.15 7.07153320505
27.2 6.96899414065
27.25 7.04406738284
27.3 7.01416015625
27.35 6.95983886721
27.4 7.01354980471
27.45 6.9812011719
27.5 7.05078125
27.55 6.9763183594
27.6 6.9848632793
27.65 7.01599121096
27.7 6.96960449418
27.75 7.00988769335
27.8 7.08312988481
27.85 7.03674316409
27.9 7.01965331833
27.95 7.09228515826
28.0 6.94763183394
28.05 6.97814941409
28.1 7.00561523641
28.15 6.97509765424
28.2 7.01965332235
28.25 6.99279784954
28.3 7.05261230471
28.35 6.93176269737
28.4 7.0062255839
28.45 7.05078125
28.5 6.90368652139
28.55 7.09411620889
28.6 7.01538086146
28.65 6.99279785365
28.7 7.0166015625
28.75 7.01171875
28.8 6.9714355448
28.85 6.96350097659
28.9 7.03918457243
28.95 6.93054199431
29.0 6.97509765625
29.05 6.96655273227
29.1 6.94274902133
29.15 6.9757080057
29.2 6.97753906465
29.25 7.00927734375
29.3 6.9866943381
29.35 7.04711914279
29.4 7.00683593536
29.45 6.98608398655
29.5 7.04711914065
29.55 6.93298339846
29.6 7.0556640625
29.65 7.04711913845
29.7 7.01110839626
29.75 7.13073730471
29.8 7.01416015625
29.85 7.01416015625
