0.1 0.0
0.15 0.0
0.2 0.0
0.25 0.0
0.3 0.0
0.35 0.0
0.4 0.0
0.45 0.0
0.5 0.0
0.55 0.0
0.6 0.0
0.65 0.0
0.7 0.0
0.75 0.0
0.8 0.0
0.85 0.0
0.9 0.0
0.95 0.0
1.0 0.0
1.05 0.0
1.1 0.0
1.15 0.0
1.2 0.0
1.25 0.0
1.3 0.0
1.35 0.0
1.4 0.0
1.45 0.0
1.5 0.0
1.55 0.0
1.6 0.0
1.65 0.0
1.7 0.0
1.75 0.0
1.8 0.0
1.85 0.0
1.9 0.0
1.95 0.0
2.0 0.0
2.05 0.0
2.1 0.0
2.15 0.0
2.2 0.0
2.25 0.0
2.3 0.0
2.35 0.0
2.4 0.0
2.45 0.0
2.5 0.0
2.55 0.0
2.6 0.0
2.65 0.0
2.7 0.0
2.75 0.0
2.8 0.0
2.85 0.0
2.9 0.0
2.95 0.0
3.0 0.0
3.05 0.0
3.1 0.0
3.15 0.0
3.2 0.0
3.25 0.0
3.3 0.0
3.35 0.0
3.4 0.0
3.45 0.0
3.5 0.0
3.55 0.0
3.6 0.0
3.65 0.0
3.7 0.0
3.75 0.0
3.8 0.0
3.85 0.0
3.9 0.0
3.95 0.0
4.0 0.0
4.05 0.0
4.1 0.0
4.15 0.0
4.2 0.0
4.25 0.0
4.3 0.0
4.35 0.0
4.4 0.0
4.45 0.0
4.5 0.0
4.55 0.0
4.6 0.0
4.65 0.0
4.7 0.0
4.75 0.0
4.8 0.0
4.85 0.0
4.9 0.0
4.95 0.0
5.0 0.0
5.05 0.0
5.1 0.0
5.15 0.0
5.2 0.0
5.25 0.0
5.3 0.0
5.35 0.0
5.4 0.0
5.45 0.0
5.5 0.0
5.55 0.0
5.6 0.0
5.65 0.0
5.7 0.0
5.75 0.0
5.8 0.0
5.85 0.0
5.9 0.0
5.95 0.0
6.0 0.0
6.05 0.0
6.1 0.0
6.15 0.0
6.2 0.0
6.25 0.0
6.3 0.0
6.35 0.0
6.4 0.0
6.45 0.0
6.5 0.0
6.55 0.0
6.6 0.0
6.65 0.0
6.7 0.0
6.75 0.0
6.8 0.0
6.85 0.0
6.9 0.0
6.95 0.0
7.0 0.0
7.05 0.0
7.1 0.0
7.15 0.0
7.2 0.0
7.25 0.0
7.3 0.0
7.35 0.0
7.4 0.0
7.45 0.0
7.5 0.0
7.55 0.0
7.6 0.0
7.65 0.0
7.7 0.0
7.75 0.0
7.8 0.0
7.85 0.0
7.9 0.0
7.95 0.0
8.0 0.0
8.05 0.0
8.1 0.0
8.15 0.0
8.2 0.0
8.25 0.0
8.3 0.0
8.35 0.0
8.4 0.0
8.45 0.0
8.5 0.0
8.55 0.0
8.6 0.0
8.65 0.0
8.7 0.0
8.75 0.0
8.8 0.0
8.85 0.0
8.9 0.0
8.95 0.0
9.0 0.0
9.05 0.0
9.1 0.0
9.15 0.0
9.2 0.0
9.25 0.0
9.3 0.0
9.35 0.0
9.4 0.0
9.45 0.0
9.5 0.0
9.55 0.0
9.6 0.0
9.65 0.0
9.7 0.0
9.75 0.0
9.8 0.0
9.85 0.0
9.9 0.0
9.95 0.0
10.0 0.0
10.05 0.0
10.1 0.0
10.15 0.0
10.2 0.0
10.25 0.0
10.3 0.0
10.35 0.0
10.4 0.0
10.45 0.0
10.5 0.0
10.55 0.0
10.6 0.0
10.65 0.0
10.7 0.0
10.75 0.0
10.8 0.0
10.85 0.0
10.9 0.0
10.95 0.0
11.0 0.0
11.05 0.0
11.1 0.0
11.15 0.0
11.2 0.0
11.25 0.0
11.3 0.0
11.35 0.0
11.4 0.0
11.45 0.0
11.5 0.0
11.55 0.0
11.6 0.0
11.65 0.0
11.7 0.0
11.75 0.0
11.8 0.0
11.85 0.0
11.9 0.0
11.95 0.0
12.0 0.0
12.05 0.0
12.1 0.0
12.15 0.0
12.2 0.0
12.25 0.0
12.3 0.0
12.35 0.0
12.4 0.0
12.45 0.0
12.5 0.0
12.55 0.0
12.6 0.0
12.65 0.0
12.7 0.0
12.75 0.0
12.8 0.0
12.85 0.0
12.9 0.0
12.95 0.0
13.0 0.0
13.05 0.0
13.1 0.0
13.15 0.0
13.2 0.0
13.25 0.0
13.3 0.0
13.35 0.0
13.4 0.0
13.45 0.0
13.5 0.0
13.55 0.0
13.6 0.0
13.65 0.0
13.7 0.0
13.75 0.0
13.8 0.0
13.85 0.0
13.9 0.0
13.95 0.0
14.0 0.0
14.05 0.0
14.1 0.0
14.15 0.0
14.2 0.0
14.25 0.0
14.3 0.0
14.35 0.0
14.4 0.0
14.45 0.0
14.5 0.0
14.55 0.0
14.6 0.0
14.65 0.0
14.7 0.0
14.75 0.0
14.8 0.0
14.85 0.0
14.9 0.0
14.95 0.0
15.0 0.0
15.05 0.0
15.1 0.0
15.15 0.0
15.2 0.0
15.25 0.0
15.3 0.0
15.35 0.0
15.4 0.0
15.45 0.0
15.5 0.0
15.55 0.0
15.6 0.0
15.65 0.0
15.7 0.0
15.75 0.0
15.8 0.0
15.85 0.0
15.9 0.0
15.95 0.0
16.0 0.0
16.05 0.0
16.1 0.0
16.15 0.0
16.2 0.0
16.25 0.0
16.3 0.0
16.35 0.0
16.4 0.0
16.45 0.0
16.5 0.0
16.55 0.0
16.6 0.0
16.65 0.0
16.7 0.0
16.75 0.0
16.8 0.0
16.85 0.0
16.9 0.0
16.95 0.0
17.0 0.0
17.05 0.0
17.1 0.0
17.15 0.0
17.2 0.0
17.25 0.0
17.3 0.0
17.35 0.0
17.4 0.0
17.45 0.0
17.5 0.0
17.55 0.0
17.6 0.0
17.65 0.0
17.7 0.0
17.75 0.0
17.8 0.0
17.85 0.0
17.9 0.0
17.95 0.0
18.0 0.0
18.05 0.0
18.1 0.0
18.15 0.0
18.2 0.0
18.25 0.0
18.3 0.0
18.35 0.0
18.4 0.0
18.45 0.0
18.5 0.0
18.55 0.0
18.6 0.0
18.65 0.0
18.7 0.0
18.75 0.0
18.8 0.0
18.85 0.0
18.9 0.0
18.95 0.0
19.0 0.0
19.05 0.0
19.1 0.0
19.15 0.0
19.2 0.0
19.25 0.0
19.3 0.0
19.35 0.0
19.4 0.0
19.45 0.0
19.5 0.0
19.55 0.0
19.6 0.0
19.65 0.0
19.7 0.0
19.75 0.0
19.8 0.0
19.85 0.0
19.9 0.0
19.95 0.0
20.0 0.0
20.05 0.0
20.1 0.0
20.15 0.0
20.2 0.000302124023422
20.25 0.000546264648406
20.3 0.00126953124994
20.35 0.00247802734365
20.4 0.00334472656236
20.45 0.00345458984359
20.5 0.00497741699196
20.55 0.00639953613234
20.6 0.00683288574168
20.65 0.00830078124941
20.7 0.00946350097598
20.75 0.00902404785115
20.8 0.00952453613234
20.85 0.0105651855464
20.9 0.00863037109326
20.95 0.00659179687455
21.0 0.00484008789026
21.05 0.0021514892575
21.1 0.00111694335908
21.15 0.00116271972628
21.2 0.000942993163762
21.25 0.00131835937471
21.3 0.00107727050755
21.35 0.00106811523409
21.4 0.00157470703096
21.45 0.00136108398408
21.5 0.00147705078092
21.55 0.00217590331997
21.6 0.00193176269496
21.65 0.00246887206992
21.7 0.0030517578121
21.75 0.0028991699215
21.8 0.00299377441371
21.85 0.00235595703092
21.9 0.00186767578095
21.95 0.00140991210904
22.0 0.00120849609343
22.05 0.00220031738246
22.1 0.00251464843711
22.15 0.0035797119206
22.2 0.00429077148395
22.25 0.00385131835898
22.3 0.0037719726559
22.35 0.00292358397713
22.4 0.00249328613252
22.45 0.00229187011689
22.5 0.00321044921843
22.55 0.00318298339812
22.6 0.00296020507779
22.65 0.0026184082028
22.7 0.0012207031247
22.75 0.00112915039033
22.8 0.00199279785122
22.85 0.00254821777308
22.9 0.00342102050739
22.95 0.00455627441358
23.0 0.00455932617144
23.05 0.00435485839797
23.1 0.00460510253862
23.15 0.00341491699179
23.2 0.00267944336647
23.25 0.0023559570309
23.3 0.00130920410124
23.35 0.00167236328089
23.4 0.00170898436715
23.45 0.00185241699185
23.5 0.00200805664025
23.55 0.00204162597624
23.6 0.00216064453091
23.65 0.00301513671838
23.7 0.00429992675746
23.75 0.00467529296833
23.8 0.00443420410117
23.85 0.00486755371048
23.9 0.00592651367138
23.95 0.00621948242139
24.0 0.00672912597601
24.05 0.00690612792914
24.1 0.00567932128853
24.15 0.00595397949167
24.2 0.00561523437451
24.25 0.00486145019489
24.3 0.00461425781209
24.35 0.004208374023
24.4 0.00546569824172
24.45 0.00520935058543
24.5 0.00448303222608
24.55 0.00367126464797
24.6 0.00299682617145
24.65 0.00387878417926
24.7 0.0054138183672
24.75 0.00635070800732
24.8 0.00653991699167
24.85 0.00631103516413
24.9 0.00539855956154
24.95 0.00750122070256
25.0 0.00668029785109
25.05 0.00616455077244
25.1 0.00613708496052
25.15 0.00431213378877
25.2 0.00434570312463
25.25 0.00347595214807
25.3 0.00303955078088
25.35 0.00255432128868
25.4 0.00239868164025
25.45 0.0029266357505
25.5 0.0031982421871
25.55 0.00376892089801
25.6 0.00517272949175
25.65 0.00610961913141
25.7 0.00667114257761
25.75 0.00576171874951
25.8 0.00508728027296
25.85 0.00446777343704
25.9 0.00468750000848
25.95 0.00507202148392
26.0 0.00462341308545
26.05 0.00530700683545
26.1 0.00452270506869
26.15 0.00381774902298
26.2 0.00444946289923
26.25 0.00444946289011
26.3 0.00567321777289
26.35 0.00695800781192
26.4 0.00802917479504
26.45 0.00810546874945
26.5 0.0081115722651
26.55 0.00743408203072
26.6 0.00597229003856
26.65 0.00557250976518
26.7 0.00430908203083
26.75 0.00357360839809
26.8 0.00341796874964
26.85 0.00299987792934
26.9 0.00304565429652
26.95 0.0033172607418
27.0 0.00305480956995
27.05 0.00268554688418
27.1 0.00210266113246
27.15 0.00197448730433
27.2 0.00207519531216
27.25 0.00279235839819
27.3 0.00365295410116
27.35 0.00364990234336
27.4 0.00342102050738
27.45 0.00249023436493
27.5 0.00232849121058
27.55 0.00249938964807
27.6 0.00281372070276
27.65 0.00381469726524
27.7 0.00408630371053
27.75 0.00429382324173
27.8 0.00452880860326
27.85 0.00437927246045
27.9 0.00409545898391
27.95 0.00391235351523
28.0 0.00330505370056
28.05 0.00346069335897
28.1 0.00396118164018
28.15 0.00457763671826
28.2 0.00503540039015
28.25 0.00395202636675
28.3 0.00328979492151
28.35 0.0024810791012
28.4 0.00215454101525
28.45 0.00294189453085
28.5 0.00364990234332
28.55 0.00474243164015
28.6 0.00585327148387
28.65 0.00638427734327
28.7 0.00537719726513
28.75 0.00473022460895
28.8 0.00394592285115
28.85 0.00267333984337
28.9 0.00297241210903
28.95 0.0026153564449
29.0 0.00307006835895
29.05 0.00432739257766
29.1 0.00450439453079
29.15 0.00450744628863
29.2 0.00373229980428
29.25 0.00325927734335
29.3 0.00332031249958
29.35 0.00354003906214
29.4 0.00366516113244
29.45 0.00360412597619
29.5 0.00372314453087
29.55 0.00412902831986
29.6 0.00417480468706
29.65 0.00355224609334
29.7 0.00247497558558
29.75 0.00151062011687
29.8 0.00108337402312
29.85 0.00150451660121
